#Zeit 	 Euler 	 Energie(Euler) 	 Kl. Runge-Kutta  	 Energie(Kl Runge) 
2	1.56065	60.8252	1.41515	50	
4	0.473856	73.994	0.387008	50	
6	-1.75466	90.014	-1.30932	50	
8	-1.10921	109.502	-0.745073	50	
10	1.79776	133.21	1.10556	50	
12	1.89521	162.05	1.04741	50	
14	-1.61155	197.135	-0.819117	50	
16	-2.79484	239.815	-1.27142	50	
18	1.11186	291.736	0.471415	50	
20	3.73752	354.898	1.40034	50	
22	-0.217769	431.735	-0.0884576	50	
24	-4.61283	525.207	-1.42453	50	
26	-1.13567	638.916	-0.301116	50	
28	5.2667	777.244	1.34219	50	
30	2.98066	945.52	0.668169	50	
32	-5.50195	1150.23	-1.15946	50	
34	-5.29653	1399.26	-0.985252	50	
36	5.08498	1702.2	0.890017	50	
38	7.98718	2070.73	1.22865	50	
40	-3.76076	2519.05	-0.554013	50	
42	-10.8583	3064.44	-1.38016	50	
44	1.2781	3727.9	0.176576	50	
46	13.5972	4535	1.42845	50	
48	2.57368	5516.85	0.214068	50	
50	-15.7596	6711.27	-1.3699	50	
52	-7.91596	8164.28	-0.588702	50	
54	16.7682	9931.87	1.20891	50	
56	14.7211	12082.2	0.919307	50	
58	-15.9288	14698	-0.957502	50	
60	-22.7446	17880.2	-1.18116	50	
62	12.4715	21751.3	0.634485	50	
64	31.4556	26460.5	1.35468	50	
66	-5.62087	32189.3	-0.264016	50	
68	-39.9726	39158.4	-1.42688	50	
70	-5.29896	47636.3	-0.126198	50	
72	47.0179	57949.8	1.39236	50	
74	20.7221	70496.1	0.506974	50	
76	-50.9056	85758.7	-1.25372	50	
78	-40.6649	104326	-0.849835	50	
80	49.5798	126913	1.02131	50	
82	64.5228	154390	1.12914	50	
84	-40.7232	187816	-0.712522	50	
86	-90.8568	228478	-1.32399	50	
88	21.9532	277945	0.350443	50	
90	117.193	338121	1.41983	50	
92	8.87695	411325	0.0378444	50	
94	-139.871	500379	-1.40948	50	
96	-53.2675	608712	-0.423302	50	
98	153.98	740501	1.29372	50	
100	111.553	306127	0.777101	50	
