0	275	158	0.000	5.10	1.24					
1	274	150	0.033	5.08	1.40	-0.61	4.85			
2	273	142	0.066	5.06	1.56	-1.21	5.76	-18.37	27.55	
3	270	131	0.099	5.00	1.78	-1.82	6.67	-22.96	18.37	
4	267	120	0.132	4.94	2.00	-2.73	6.97	-41.32	9.18	
5	261	108	0.165	4.82	2.24	-4.55	7.27	-50.51	4.59	
6	252	96	0.198	4.64	2.48	-6.06	7.27	-41.32	-9.18	
7	241	84	0.231	4.42	2.72	-7.27	6.67	-41.32	-27.55	
8	228	74	0.264	4.16	2.92	-8.79	5.45	36.73	-64.28	
9	212	66	0.297	3.84	3.08	-4.85	2.42	55.10	-55.10	
10	212	66	0.330	3.84	3.08	-5.15	1.82	-174.47	-4.59	
11	195	60	0.363	3.50	3.20	-16.36	2.12	-91.83	-22.96	
12	158	59	0.396	2.76	3.22	-11.21	0.30	165.29	-55.10	
13	158	59	0.429	2.76	3.22	-5.45	-1.52	9.18	-64.28	
14	140	64	0.462	2.40	3.12	-10.61	-3.94	-64.28	-64.28	
15	123	72	0.495	2.06	2.96	-9.70	-5.76	91.83	9.18	
16	108	83	0.528	1.76	2.74	-4.55	-3.33	50.51	-32.14	
17	108	83	0.561	1.76	2.74	-6.36	-7.88	-55.10	-128.56	
18	87	109	0.594	1.34	2.22	-8.18	-11.82	50.51	0.00	
19	81	122	0.627	1.22	1.96	-3.03	-7.88	96.42	64.28	
20	77	135	0.660	1.14	1.70	-1.82	-7.58	36.73	18.37	
21	75	147	0.693	1.10	1.46	-0.61	-6.67	27.55	32.14	
22	75	157	0.726	1.10	1.26	0.00	-5.45	13.77	36.73	
23	75	165	0.759	1.10	1.10	0.30	-4.24	4.59	36.73	
24	76	171	0.792	1.12	0.98	0.30	-3.03	-4.59	36.73	
25	76	175	0.825	1.12	0.90	0.00	-1.82	-4.59	36.73	
26	76	177	0.858	1.12	0.86	0.00	-0.61	0.00	36.73	
27	76	177	0.891	1.12	0.86	0.00	0.61	0.00	36.73	
28	76	175	0.924	1.12	0.90	0.00	1.82	-4.59	32.14	
29	76	171	0.957	1.12	0.98	-0.30	2.73	-9.18	27.55	
30	75	166	0.990	1.10	1.08	-0.61	3.64	4.59	32.14	
31	74	159	1.023	1.08	1.22	0.00	4.85	18.37	36.73	
32	75	150	1.056	1.10	1.40	0.61	6.06	18.37	27.55	
33	76	139	1.089	1.12	1.62	1.21	6.67	22.96	13.77	
34	79	128	1.122	1.18	1.84	2.12	6.97	32.14	9.18	
35	83	116	1.155	1.26	2.08	3.33	7.27	41.32	0.00	
36	90	104	1.188	1.40	2.32	4.85	6.97	41.32	-9.18	
37	99	93	1.221	1.58	2.54	6.06	6.67	36.73	-13.77	
38	110	82	1.254	1.80	2.76	7.27	6.06	36.73	-22.96	
39	123	73	1.287	2.06	2.94	8.48	5.15	36.73	-32.14	
40	138	65	1.320	2.36	3.10	9.70	3.94	27.55	-45.91	
41	155	60	1.353	2.70	3.20	10.30	2.12	13.77	-55.10	
42	172	58	1.386	3.04	3.24	10.61	0.30	9.18	-59.69	
43	190	59	1.419	3.40	3.22	10.91	-1.82	-9.18	-59.69	
44	208	64	1.452	3.76	3.12	10.00	-3.64	-32.14	-50.51	
45	223	71	1.485	4.06	2.98	8.79	-5.15	-32.14	-41.32	
46	237	81	1.518	4.34	2.78	7.88	-6.36	-36.73	-22.96	
47	249	92	1.551	4.58	2.56	6.36	-6.67	-50.51	-9.18	
48	258	103	1.584	4.76	2.34	4.55	-6.97	-45.91	0.00	
49	264	115	1.617	4.88	2.10	3.33	-6.67	-45.91	59.69	
50	269	125	1.650	4.98	1.90	1.52	-3.03	-41.32	55.10	
51	269	125	1.683	4.98	1.90	0.61	-3.03	0.00	-59.69	
52	271	135	1.716	5.02	1.70	1.52	-6.97	4.59	-27.55	
53	274	148	1.749	5.08	1.44	0.91	-4.85	-22.96	91.83	
54	274	151	1.782	5.08	1.38	0.00	-0.91	-13.77	73.46	
55	274	151	1.815	5.08	1.38	0.00	0.00	0.00	18.37	
56	274	151	1.848	5.08	1.38	0.00	0.30	0.00	18.37	
57	274	150	1.881	5.08	1.40	0.00	1.21	-4.59	32.14	
58	274	147	1.914	5.08	1.46	-0.30	2.42	-9.18	36.73	
59	273	142	1.947	5.06	1.56	-0.61	3.64	-13.77	32.14	
60	272	135	1.980	5.04	1.70	-1.21	4.55	-18.37	27.55	
61	269	127	2.013	4.98	1.86	-1.82	5.45	-22.96	22.96	
62	266	117	2.046	4.92	2.06	-2.73	6.06	-32.14	9.18	
63	260	107	2.079	4.80	2.26	-3.94	6.06	-36.73	4.59	
64	253	97	2.112	4.66	2.46	-5.15	6.36	-36.73	0.00	
65	243	86	2.145	4.46	2.68	-6.36	6.06	-32.14	-18.37	
66	232	77	2.178	4.24	2.86	-7.27	5.15	-32.14	-22.96	
67	219	69	2.211	3.98	3.02	-8.48	4.55	-36.73	-32.14	
68	204	62	2.244	3.68	3.16	-9.70	3.03	-27.55	-50.51	
69	187	59	2.277	3.34	3.22	-10.30	1.21	-9.18	-50.51	
70	170	58	2.310	3.00	3.24	-10.30	-0.30	0.00	-50.51	
71	153	60	2.343	2.66	3.20	-10.30	-2.12	13.77	-55.10	
72	136	65	2.376	2.32	3.10	-9.39	-3.94	27.55	-50.51	
73	122	73	2.409	2.04	2.94	-8.48	-5.45	27.55	-36.73	
74	108	83	2.442	1.76	2.74	-7.58	-6.36	41.32	-18.37	
75	97	94	2.475	1.54	2.52	-5.76	-6.67	50.51	-9.18	
76	89	105	2.508	1.38	2.30	-4.24	-6.97	41.32	-4.59	
77	83	117	2.541	1.26	2.06	-3.03	-6.97	32.14	9.18	
78	79	128	2.574	1.18	1.84	-2.12	-6.36	27.55	18.37	
79	76	138	2.607	1.12	1.64	-1.21	-5.76	27.55	22.96	
80	75	147	2.640	1.10	1.46	-0.30	-4.85	13.77	32.14	
81	75	154	2.673	1.10	1.32	-0.30	-3.64	4.59	36.73	
82	74	159	2.706	1.08	1.22	0.00	-2.42	9.18	36.73	
83	75	162	2.739	1.10	1.16	0.30	-1.21	0.00	32.14	
84	75	163	2.772	1.10	1.14	0.00	-0.30	-4.59	27.55	
85	75	163	2.805	1.10	1.14	0.00	0.61	0.00	32.14	
86	75	161	2.838	1.10	1.18	0.00	1.82	0.00	36.73	
87	75	157	2.871	1.10	1.26	0.00	3.03	0.00	27.55	
88	75	151	2.904	1.10	1.38	0.00	3.64	9.18	22.96	
89	75	145	2.937	1.10	1.50	0.61	4.55	18.37	27.55	
90	77	136	2.970	1.14	1.68	1.21	5.45	0.00	-27.55	
91	79	127	3.003	1.18	1.86	0.61	2.73	0.00	-36.73	
92	79	127	3.036	1.18	1.86	1.21	3.03	68.87	105.60	
93	83	117	3.069	1.26	2.06	5.15	9.70	87.24	101.01	
94	96	95	3.102	1.52	2.50	6.97	9.70	18.37	-59.69	
95	106	85	3.135	1.72	2.70	6.36	5.76	4.59	-68.87	
96	117	76	3.168	1.94	2.88	7.27	5.15	-36.73	-50.51	
97	130	68	3.201	2.20	3.04	3.94	2.42	-45.91	-55.10	
98	130	68	3.234	2.20	3.04	4.24	1.52	78.05	4.59	
99	144	63	3.267	2.48	3.14	9.09	2.73	9.18	-4.59	
100	160	59	3.300	2.80	3.22	4.85	1.21	13.77	-45.91	
101	160	59	3.333	2.80	3.22	10.00	-0.30	146.92	-41.32	
102	193	60	3.366	3.46	3.20	14.55	-1.52	-13.77	-45.91	
103	208	64	3.399	3.76	3.12	9.09	-3.33	-96.42	-45.91	
104	223	71	3.432	4.06	2.98	8.18	-4.55	-32.14	-32.14	
105	235	79	3.465	4.30	2.82	6.97	-5.45	-36.73	-18.37	
106	246	89	3.498	4.52	2.62	5.76	-5.76	-36.73	-4.59	
107	254	98	3.531	4.68	2.44	4.55	-5.76	-32.14	0.00	
108	261	108	3.564	4.82	2.24	3.64	-5.76	-32.14	9.18	
109	266	117	3.597	4.92	2.06	2.42	-5.15	-32.14	22.96	
110	269	125	3.630	4.98	1.90	1.52	-4.24	-22.96	32.14	
111	271	131	3.663	5.02	1.78	0.91	-3.03	-18.37	32.14	
112	272	135	3.696	5.04	1.70	0.30	-2.12	-9.18	32.14	
113	272	138	3.729	5.04	1.64	0.30	-0.91	-4.59	36.73	
114	273	138	3.762	5.06	1.64	0.00	0.30	-13.77	32.14	
115	272	137	3.795	5.04	1.66	-0.61	1.21	-9.18	32.14	
116	271	134	3.828	5.02	1.72	-0.61	2.42	-4.59	36.73	
117	270	129	3.861	5.00	1.82	-0.91	3.64	-18.37	27.55	
118	268	122	3.894	4.96	1.96	-1.82	4.24	-22.96	18.37	
119	264	115	3.927	4.88	2.10	-2.42	4.85	-22.96	18.37	
120	260	106	3.960	4.80	2.28	-3.33	5.45	-27.55	9.18	
121	253	97	3.993	4.66	2.46	-4.24	5.45	-27.55	-4.59	
122	246	88	4.026	4.52	2.64	-5.15	5.15	-36.73	-9.18	
123	236	80	4.059	4.32	2.80	-6.67	4.85	-36.73	-9.18	
124	224	72	4.092	4.08	2.96	-7.58	4.55	-22.96	-22.96	
125	211	65	4.125	3.82	3.10	-8.18	3.33	-18.37	-36.73	
126	197	61	4.158	3.54	3.18	-8.79	2.12	-18.37	-36.73	
127	182	58	4.191	3.24	3.24	-9.39	0.91	-13.77	-45.91	
128	166	58	4.224	2.92	3.24	-9.70	-0.91	0.00	-50.51	
129	150	61	4.257	2.60	3.18	-9.39	-2.42	18.37	-41.32	
130	135	66	4.290	2.30	3.08	-8.48	-3.64	27.55	-36.73	
131	122	73	4.323	2.04	2.94	-7.58	-4.85	73.46	13.77	
132	110	82	4.356	1.80	2.76	-3.64	-2.73	68.87	32.14	
133	110	82	4.389	1.80	2.76	-3.03	-2.73	-59.69	-91.83	
134	100	91	4.422	1.60	2.58	-7.58	-8.79	-41.32	-96.42	
135	85	111	4.455	1.30	2.18	-5.76	-9.09	96.42	87.24	
136	81	121	4.488	1.22	1.98	-1.21	-3.03	73.46	96.42	
137	81	121	4.521	1.22	1.98	-0.91	-2.73	-9.18	-55.10	
138	78	130	4.554	1.16	1.80	-1.82	-6.67	0.00	-18.37	
139	75	143	4.587	1.10	1.54	-0.91	-3.94	27.55	82.64	
140	75	143	4.620	1.10	1.54	0.00	-1.21	13.77	27.55	
141	75	147	4.653	1.10	1.46	0.00	-2.12	0.00	4.59	
142	75	150	4.686	1.10	1.40	0.00	-0.91	0.00	32.14	
143	75	150	4.719	1.10	1.40	0.00	0.00	0.00	22.96	
144	75	150	4.752	1.10	1.40	0.00	0.61	4.59	27.55	
145	75	148	4.785	1.10	1.44	0.30	1.82	4.59	32.14	
146	76	144	4.818	1.12	1.52	0.30	2.73	4.59	22.96	
147	76	139	4.851	1.12	1.62	0.61	3.33	13.77	22.96	
148	78	133	4.884	1.16	1.74	1.21	4.24	13.77	22.96	
149	80	125	4.917	1.20	1.90	1.52	4.85	18.37	18.37	
150	83	117	4.950	1.26	2.06	2.42	5.45	27.55	13.77	
151	88	107	4.983	1.36	2.26	3.33	5.76	27.55	0.00	
152	94	98	5.016	1.48	2.44	4.24	5.45	27.55	-4.59	
153	102	89	5.049	1.64	2.62	5.15	5.45	27.55	-9.18	
154	111	80	5.082	1.82	2.80	6.06	4.85	32.14	-18.37	
155	122	73	5.115	2.04	2.94	7.27	4.24	27.55	-18.37	
156	135	66	5.148	2.30	3.08	7.88	3.64	18.37	-32.14	
157	148	61	5.181	2.56	3.18	8.48	2.12	18.37	-41.32	
158	163	59	5.214	2.86	3.22	9.09	0.91	9.18	-36.73	
159	178	58	5.247	3.16	3.24	9.09	-0.30	0.00	-41.32	
160	193	60	5.280	3.46	3.20	9.09	-1.82	-13.77	-41.32	
161	208	64	5.313	3.76	3.12	8.18	-3.03	-27.55	-32.14	
162	220	70	5.346	4.00	3.00	7.27	-3.94	-22.96	-22.96	
163	232	77	5.379	4.24	2.86	6.67	-4.55	-27.55	-13.77	
164	242	85	5.412	4.44	2.70	5.45	-4.85	-32.14	-4.59	
165	250	93	5.445	4.60	2.54	4.55	-4.85	-32.14	0.00	
166	257	101	5.478	4.74	2.38	3.33	-4.85	-32.14	9.18	
167	261	109	5.511	4.82	2.22	2.42	-4.24	-22.96	18.37	
168	265	115	5.544	4.90	2.10	1.82	-3.64	-22.96	22.96	
169	267	121	5.577	4.94	1.98	0.91	-2.73	-18.37	32.14	
170	268	124	5.610	4.96	1.92	0.61	-1.52	-9.18	32.14	
171	269	126	5.643	4.98	1.88	0.30	-0.61	-9.18	27.55	
172	269	126	5.676	4.98	1.88	0.00	0.30	-9.18	27.55	
173	269	125	5.709	4.98	1.90	-0.30	1.21	-13.77	32.14	
174	268	122	5.742	4.96	1.96	-0.91	2.42	-18.37	32.14	
175	266	117	5.775	4.92	2.06	-1.52	3.33	-18.37	18.37	
176	263	111	5.808	4.86	2.18	-2.12	3.64	4.59	-22.96	
177	259	105	5.841	4.78	2.30	-1.21	1.82	9.18	-22.96	
178	259	105	5.874	4.78	2.30	-1.52	2.12	-73.46	78.05	
179	254	98	5.907	4.68	2.44	-6.06	6.97	-91.83	73.46	
180	239	82	5.940	4.38	2.76	-7.58	6.97	45.91	-73.46	
181	229	75	5.973	4.18	2.90	-3.03	2.12	64.28	-73.46	
182	229	75	6.006	4.18	2.90	-3.33	2.12	-59.69	22.96	
183	218	68	6.039	3.96	3.04	-6.97	3.64	-68.87	4.59	
184	206	63	6.072	3.72	3.14	-7.88	2.42	41.32	-41.32	
185	192	60	6.105	3.44	3.20	-4.24	0.91	-9.18	-32.14	
186	192	60	6.138	3.44	3.20	-8.48	0.30	-133.15	-18.37	
187	164	59	6.171	2.88	3.22	-13.03	-0.30	0.00	-32.14	
188	149	61	6.204	2.58	3.18	-8.48	-1.82	78.05	-45.91	
189	136	65	6.237	2.32	3.10	-7.88	-3.33	22.96	-36.73	
190	123	72	6.270	2.06	2.96	-6.97	-4.24	27.55	-22.96	
191	113	79	6.303	1.86	2.82	-6.06	-4.85	22.96	-18.37	
192	103	88	6.336	1.66	2.64	-5.45	-5.45	27.55	-4.59	
193	95	97	6.369	1.50	2.46	-4.24	-5.15	32.14	4.59	
194	89	105	6.402	1.38	2.30	-3.33	-5.15	27.55	4.59	
195	84	114	6.435	1.28	2.12	-2.42	-4.85	27.55	13.77	
196	81	121	6.468	1.22	1.98	-1.52	-4.24	22.96	18.37	
197	79	128	6.501	1.18	1.84	-0.91	-3.64	13.77	27.55	
198	78	133	6.534	1.16	1.74	-0.61	-2.42	4.59	27.55	
199	77	136	6.567	1.14	1.68	-0.61	-1.82	4.59	18.37	
200	76	139	6.600	1.12	1.62	-0.30	-1.21	9.18	27.55	
201	76	140	6.633	1.12	1.60	0.00	0.00	9.18	32.14	
202	76	139	6.666	1.12	1.62	0.30	0.91	9.18	27.55	
203	77	137	6.699	1.14	1.66	0.61	1.82	4.59	27.55	
204	78	133	6.732	1.16	1.74	0.61	2.73	4.59	18.37	
205	79	128	6.765	1.18	1.84	0.91	3.03	13.77	18.37	
206	81	123	6.798	1.22	1.94	1.52	3.94	18.37	22.96	
207	84	115	6.831	1.28	2.10	2.12	4.55	18.37	9.18	
208	88	108	6.864	1.36	2.24	2.73	4.55	18.37	4.59	
209	93	100	6.897	1.46	2.40	3.33	4.85	22.96	4.59	
210	99	92	6.930	1.58	2.56	4.24	4.85	27.55	-4.59	
211	107	84	6.963	1.74	2.72	5.15	4.55	27.55	-9.18	
212	116	77	6.996	1.92	2.86	6.06	4.24	27.55	-9.18	
213	127	70	7.029	2.14	3.00	6.97	3.94	18.37	-18.37	
214	139	64	7.062	2.38	3.12	7.27	3.03	13.77	-32.14	
215	151	60	7.095	2.62	3.20	7.88	1.82	18.37	-36.73	
216	165	58	7.128	2.90	3.24	8.48	0.61	4.59	-36.73	
217	179	58	7.161	3.18	3.24	8.18	-0.61	-9.18	-32.14	
218	192	60	7.194	3.44	3.20	7.88	-1.52	-9.18	-27.55	
219	205	63	7.227	3.70	3.14	7.58	-2.42	-13.77	-27.55	
220	217	68	7.260	3.94	3.04	6.97	-3.33	-22.96	-22.96	
221	228	74	7.293	4.16	2.92	6.06	-3.94	-27.55	-13.77	
222	237	81	7.326	4.34	2.78	5.15	-4.24	-55.10	27.55	
223	245	88	7.359	4.50	2.64	2.42	-2.12	-45.91	32.14	
224	245	88	7.392	4.50	2.64	2.12	-2.12	18.37	-27.55	
225	252	95	7.425	4.64	2.50	3.64	-3.94	-9.18	4.59	
226	257	101	7.458	4.74	2.38	1.52	-1.82	-32.14	13.77	
227	257	101	7.491	4.74	2.38	1.52	-3.03	9.18	-32.14	
228	262	111	7.524	4.84	2.18	2.12	-3.94	-9.18	22.96	
229	264	114	7.557	4.88	2.12	0.91	-1.52	-27.55	50.51	
230	265	116	7.590	4.90	2.08	0.30	-0.61	-18.37	27.55	
231	265	116	7.623	4.90	2.08	-0.30	0.30	-13.77	27.55	
232	264	115	7.656	4.88	2.10	-0.61	1.21	-9.18	27.55	
233	263	112	7.689	4.86	2.16	-0.91	2.12	-13.77	22.96	
234	261	108	7.722	4.82	2.24	-1.52	2.73	-18.37	18.37	
235	258	103	7.755	4.76	2.34	-2.12	3.33	-22.96	13.77	
236	254	97	7.788	4.68	2.46	-3.03	3.64	-27.55	9.18	
237	248	91	7.821	4.56	2.58	-3.94	3.94	-22.96	4.59	
238	241	84	7.854	4.42	2.72	-4.55	3.94	-18.37	0.00	
239	233	78	7.887	4.26	2.84	-5.15	3.94	-22.96	-4.59	
240	224	71	7.920	4.08	2.98	-6.06	3.64	-27.55	-18.37	
241	213	66	7.953	3.86	3.08	-6.97	2.73	-18.37	-22.96	
242	201	62	7.986	3.62	3.16	-7.27	2.12	-9.18	-22.96	
243	189	59	8.019	3.38	3.22	-7.58	1.21	-9.18	-32.14	
244	176	58	8.052	3.12	3.24	-7.88	0.00	-4.59	-32.14	
245	163	59	8.085	2.86	3.22	-7.88	-0.91	0.00	-27.55	
246	150	61	8.118	2.60	3.18	-7.88	-1.82	9.18	-27.55	
247	137	65	8.151	2.34	3.10	-7.27	-2.73	22.96	-27.55	
248	126	70	8.184	2.12	3.00	-6.36	-3.64	22.96	-22.96	
249	116	77	8.217	1.92	2.86	-5.76	-4.24	18.37	-13.77	
250	107	84	8.250	1.74	2.72	-5.15	-4.55	22.96	-4.59	
251	99	92	8.283	1.58	2.56	-4.24	-4.55	27.55	4.59	
252	93	99	8.316	1.46	2.42	-3.33	-4.24	27.55	4.59	
253	88	106	8.349	1.36	2.28	-2.42	-4.24	22.96	4.59	
254	85	113	8.382	1.30	2.14	-1.82	-3.94	13.77	18.37	
255	82	119	8.415	1.24	2.02	-1.52	-3.03	13.77	22.96	
256	80	123	8.448	1.20	1.94	-0.91	-2.42	18.37	22.96	
257	79	127	8.481	1.18	1.86	-0.30	-1.52	13.77	27.55	
258	79	128	8.514	1.18	1.84	0.00	-0.61	4.59	18.37	
259	79	129	8.547	1.18	1.82	0.00	-0.30	0.00	18.37	
260	79	129	8.580	1.18	1.82	0.00	0.61	9.18	32.14	
261	79	127	8.613	1.18	1.86	0.61	1.82	13.77	27.55	
262	81	123	8.646	1.22	1.94	0.91	2.42	4.59	13.77	
263	82	119	8.679	1.24	2.02	0.91	2.73	13.77	13.77	
264	84	114	8.712	1.28	2.12	1.82	3.33	4.59	-13.77	
265	88	108	8.745	1.36	2.24	1.21	1.82	-9.18	-18.37	
266	88	108	8.778	1.36	2.24	1.21	2.12	22.96	36.73	
267	92	101	8.811	1.44	2.38	2.73	4.24	36.73	32.14	
268	97	94	8.844	1.54	2.52	3.64	4.24	-9.18	-32.14	
269	104	87	8.877	1.68	2.66	2.12	2.12	18.37	-4.59	
270	104	87	8.910	1.68	2.66	4.85	3.94	87.24	55.10	
271	120	74	8.943	2.00	2.92	7.88	5.76	22.96	-9.18	
272	130	68	8.976	2.20	3.04	6.36	3.33	-13.77	-50.51	
273	141	63	9.009	2.42	3.14	6.97	2.42	18.37	-27.55	
274	153	60	9.042	2.66	3.20	7.58	1.52	9.18	-27.55	
275	166	58	9.075	2.92	3.24	7.58	0.61	0.00	-27.55	
276	178	58	9.108	3.16	3.24	7.58	-0.30	-4.59	-27.55	
277	191	59	9.141	3.42	3.22	7.27	-1.21	-9.18	-27.55	
278	202	62	9.174	3.64	3.16	6.97	-2.12	-9.18	-22.96	
279	214	66	9.207	3.88	3.08	6.67	-2.73	-22.96	-18.37	
280	224	71	9.240	4.08	2.98	5.45	-3.33	-27.55	-13.77	
281	232	77	9.273	4.24	2.86	4.85	-3.64	-18.37	-4.59	
282	240	83	9.306	4.40	2.74	4.24	-3.64	-22.96	4.59	
283	246	89	9.339	4.52	2.62	3.33	-3.33	-22.96	9.18	
284	251	94	9.372	4.62	2.52	2.73	-3.03	-22.96	13.77	
285	255	99	9.405	4.70	2.42	1.82	-2.42	-22.96	18.37	
286	257	102	9.438	4.74	2.36	1.21	-1.82	-13.77	18.37	
287	259	105	9.471	4.78	2.30	0.91	-1.21	-13.77	18.37	
288	260	106	9.504	4.80	2.28	0.30	-0.61	-18.37	22.96	
289	260	107	9.537	4.80	2.26	-0.30	0.30	-13.77	27.55	
290	259	105	9.570	4.78	2.30	-0.61	1.21	-13.77	18.37	
291	258	103	9.603	4.76	2.34	-1.21	1.52	-18.37	13.77	
292	255	100	9.636	4.70	2.40	-1.82	2.12	-13.77	18.37	
293	252	96	9.669	4.64	2.48	-2.12	2.73	-13.77	18.37	
294	248	91	9.702	4.56	2.58	-2.73	3.33	-22.96	9.18	
295	243	85	9.735	4.46	2.70	-3.64	3.33	-27.55	0.00	
296	236	80	9.768	4.32	2.80	-4.55	3.33	-22.96	0.00	
297	228	74	9.801	4.16	2.92	-5.15	3.33	-13.77	-4.59	
298	219	69	9.834	3.98	3.02	-5.45	3.03	-13.77	-13.77	
299	210	64	9.867	3.80	3.12	-6.06	2.42	-22.96	-22.96	
300	199	61	9.900	3.58	3.18	-6.97	1.52	-18.37	-22.96	
301	187	59	9.933	3.34	3.22	-7.27	0.91	-4.59	-22.96	
302	175	58	9.966	3.10	3.24	-7.27	0.00	0.00	-27.55	
303	163	59	9.999	2.86	3.22	-7.27	-0.91	0.00	-22.96	
304	151	61	10.032	2.62	3.18	-7.27	-1.52	55.10	0.00	
305	139	64	10.065	2.38	3.12	-3.64	-0.91	64.28	0.00	
306	139	64	10.098	2.38	3.12	-3.03	-1.52	-36.73	-32.14	
307	129	69	10.131	2.18	3.02	-6.06	-3.03	0.00	0.00	
308	119	74	10.164	1.98	2.92	-3.03	-1.52	22.96	-13.77	
309	119	74	10.197	1.98	2.92	-4.55	-3.94	-50.51	-68.87	
310	104	87	10.230	1.68	2.66	-6.36	-6.06	0.00	-22.96	
311	98	94	10.263	1.56	2.52	-4.55	-5.45	55.10	41.32	
312	89	105	10.296	1.38	2.30	-2.73	-3.33	55.10	55.10	
313	89	105	10.329	1.38	2.30	-0.91	-1.82	18.37	9.18	
314	86	111	10.362	1.32	2.18	-1.52	-2.73	0.00	0.00	
315	84	114	10.395	1.28	2.12	-0.91	-1.82	13.77	18.37	
316	83	117	10.428	1.26	2.06	-0.61	-1.52	9.18	13.77	
317	82	119	10.461	1.24	2.02	-0.30	-0.91	9.18	22.96	
318	82	120	10.494	1.24	2.00	0.00	0.00	9.18	22.96	
319	82	119	10.527	1.24	2.02	0.30	0.61	9.18	18.37	
320	83	118	10.560	1.26	2.04	0.61	1.21	9.18	22.96	
321	84	115	10.593	1.28	2.10	0.91	2.12	9.18	18.37	
322	86	111	10.626	1.32	2.18	1.21	2.42	13.77	13.77	
323	88	107	10.659	1.36	2.26	1.82	3.03	18.37	13.77	
324	92	101	10.692	1.44	2.38	2.42	3.33	13.77	4.59	
325	96	96	10.725	1.52	2.48	2.73	3.33	18.37	4.59	
326	101	90	10.758	1.62	2.60	3.64	3.64	22.96	4.59	
327	108	84	10.791	1.76	2.72	4.24	3.64	13.77	0.00	
328	115	78	10.824	1.90	2.84	4.55	3.64	13.77	-4.59	
329	123	72	10.857	2.06	2.96	5.15	3.33	22.96	-13.77	
330	132	67	10.890	2.24	3.06	6.06	2.73	22.96	-18.37	
331	143	63	10.923	2.46	3.14	6.67	2.12	9.18	-18.37	
332	154	60	10.956	2.68	3.20	6.67	1.52	4.59	-22.96	
333	165	58	10.989	2.90	3.24	6.97	0.61	4.59	-27.55	
334	177	58	11.022	3.14	3.24	6.97	-0.30	-4.59	-22.96	
335	188	59	11.055	3.36	3.22	6.67	-0.91	-9.18	-22.96	
336	199	61	11.088	3.58	3.18	6.36	-1.82	-9.18	-22.96	
337	209	65	11.121	3.78	3.10	6.06	-2.42	-13.77	-9.18	
338	219	69	11.154	3.98	3.02	5.45	-2.42	-22.96	-4.59	
339	227	73	11.187	4.14	2.94	4.55	-2.73	-22.96	-9.18	
340	234	78	11.220	4.28	2.84	3.94	-3.03	-18.37	-4.59	
341	240	83	11.253	4.40	2.74	3.33	-3.03	-18.37	4.59	
342	245	88	11.286	4.50	2.64	2.73	-2.73	-18.37	13.77	
343	249	92	11.319	4.58	2.56	2.12	-2.12	-22.96	18.37	
344	252	95	11.352	4.64	2.50	1.21	-1.52	-22.96	18.37	
345	253	97	11.385	4.66	2.46	0.61	-0.91	-13.77	13.77	
346	254	98	11.418	4.68	2.44	0.30	-0.61	-9.18	9.18	
347	254	99	11.451	4.68	2.42	0.00	-0.30	-4.59	13.77	
348	254	99	11.484	4.68	2.42	0.00	0.30	-18.37	32.14	
349	254	98	11.517	4.68	2.44	-1.21	1.82	-18.37	18.37	
350	250	93	11.550	4.60	2.54	-1.21	1.52	4.59	-13.77	
351	250	93	11.583	4.60	2.54	-0.91	0.91	-18.37	13.77	
352	247	90	11.616	4.54	2.60	-2.42	2.42	-59.69	50.51	
353	242	85	11.649	4.44	2.70	-4.85	4.24	-13.77	4.59	
354	231	76	11.682	4.22	2.88	-3.33	2.73	41.32	-41.32	
355	231	76	11.715	4.22	2.88	-2.12	1.52	-18.37	0.00	
356	224	71	11.748	4.08	2.98	-4.55	2.73	-50.51	9.18	
357	216	67	11.781	3.92	3.06	-5.45	2.12	-18.37	-13.77	
358	206	64	11.814	3.72	3.12	-5.76	1.82	-9.18	-9.18	
359	197	61	11.847	3.54	3.18	-6.06	1.52	-13.77	-13.77	
360	186	59	11.880	3.32	3.22	-6.67	0.91	-9.18	-18.37	
361	175	58	11.913	3.10	3.24	-6.67	0.30	0.00	-22.96	
362	164	58	11.946	2.88	3.24	-6.67	-0.61	0.00	-27.55	
363	153	60	11.979	2.66	3.20	-6.67	-1.52	4.59	-22.96	
364	142	63	12.012	2.44	3.14	-6.36	-2.12	18.37	-18.37	
365	132	67	12.045	2.24	3.06	-5.45	-2.73	18.37	-13.77	
366	124	72	12.078	2.08	2.96	-5.15	-3.03	9.18	-4.59	
367	115	77	12.111	1.90	2.86	-4.85	-3.03	18.37	-9.18	
368	108	82	12.144	1.76	2.76	-3.94	-3.64	27.55	-9.18	
369	102	89	12.177	1.64	2.62	-3.03	-3.64	22.96	9.18	
370	98	94	12.210	1.56	2.52	-2.42	-3.03	13.77	13.77	
371	94	99	12.243	1.48	2.42	-2.12	-2.73	9.18	9.18	
372	91	103	12.276	1.42	2.34	-1.82	-2.42	13.77	13.77	
373	88	107	12.309	1.36	2.26	-1.21	-1.82	18.37	18.37	
374	87	109	12.342	1.34	2.22	-0.61	-1.21	13.77	18.37	
375	86	111	12.375	1.32	2.18	-0.30	-0.61	9.18	18.37	
376	86	111	12.408	1.32	2.18	0.00	0.00	4.59	13.77	
377	86	111	12.441	1.32	2.18	0.00	0.30	9.18	13.77	
378	86	110	12.474	1.32	2.20	0.61	0.91	18.37	22.96	
379	88	108	12.507	1.36	2.24	1.21	1.82	9.18	22.96	
380	90	104	12.540	1.40	2.32	1.21	2.42	9.18	9.18	
381	92	100	12.573	1.44	2.40	1.82	2.42	18.37	4.59	
382	96	96	12.606	1.52	2.48	2.42	2.73	13.77	9.18	
383	100	91	12.639	1.60	2.58	2.73	3.03	13.77	4.59	
384	105	86	12.672	1.70	2.68	3.33	3.03	18.37	0.00	
385	111	81	12.705	1.82	2.78	3.94	3.03	18.37	0.00	
386	118	76	12.738	1.96	2.88	4.55	3.03	13.77	0.00	
387	126	71	12.771	2.12	2.98	4.85	3.03	13.77	-9.18	
388	134	66	12.804	2.28	3.08	5.45	2.42	18.37	-18.37	
389	144	63	12.837	2.48	3.14	6.06	1.82	9.18	-13.77	
390	154	60	12.870	2.68	3.20	6.06	1.52	4.59	-18.37	
391	164	58	12.903	2.88	3.24	6.36	0.61	4.59	-22.96	
392	175	58	12.936	3.10	3.24	6.36	0.00	-50.51	-9.18	
393	185	58	12.969	3.30	3.24	3.03	0.00	-50.51	-13.77	
394	185	58	13.002	3.30	3.24	3.03	-0.91	0.00	-13.77	
395	195	61	13.035	3.50	3.18	3.03	-0.91	36.73	-9.18	
396	195	61	13.068	3.50	3.18	5.45	-1.52	73.46	-27.55	
397	213	66	13.101	3.86	3.08	7.88	-2.73	-13.77	-13.77	
398	221	70	13.134	4.02	3.00	4.55	-2.42	-59.69	4.59	
399	228	74	13.167	4.16	2.92	3.94	-2.42	-18.37	0.00	
400	234	78	13.200	4.28	2.84	3.33	-2.42	-18.37	4.59	
401	239	82	13.233	4.38	2.76	2.73	-2.12	-22.96	9.18	
402	243	85	13.266	4.46	2.70	1.82	-1.82	-18.37	9.18	
403	245	88	13.299	4.50	2.64	1.52	-1.52	-13.77	13.77	
404	248	90	13.332	4.56	2.60	0.91	-0.91	-18.37	13.77	
405	248	91	13.365	4.56	2.58	0.30	-0.61	-13.77	13.77	
406	249	92	13.398	4.58	2.56	0.00	0.00	-13.77	18.37	
407	248	91	13.431	4.56	2.58	-0.61	0.61	-13.77	18.37	
408	247	90	13.464	4.54	2.60	-0.91	1.21	-13.77	18.37	
409	245	87	13.497	4.50	2.66	-1.52	1.82	-22.96	9.18	
410	242	84	13.530	4.44	2.72	-2.42	1.82	-18.37	4.59	
411	237	81	13.563	4.34	2.78	-2.73	2.12	-9.18	9.18	
412	233	77	13.596	4.26	2.86	-3.03	2.42	-18.37	4.59	
413	227	73	13.629	4.14	2.94	-3.94	2.42	-18.37	-4.59	
414	220	69	13.662	4.00	3.02	-4.24	2.12	-13.77	-9.18	
415	213	66	13.695	3.86	3.08	-4.85	1.82	-18.37	-4.59	
416	204	63	13.728	3.68	3.14	-5.45	1.82	-9.18	-9.18	
417	195	60	13.761	3.50	3.20	-5.45	1.21	-4.59	-18.37	
418	186	59	13.794	3.32	3.22	-5.76	0.61	-13.77	-13.77	
419	176	58	13.827	3.12	3.24	-6.36	0.30	-9.18	-18.37	
420	165	58	13.860	2.90	3.24	-6.36	-0.61	4.59	-22.96	
421	155	60	13.893	2.70	3.20	-6.06	-1.21	9.18	-13.77	
422	145	62	13.926	2.50	3.16	-5.76	-1.52	13.77	-18.37	
423	136	65	13.959	2.32	3.10	-5.15	-2.42	13.77	-18.37	
424	128	70	13.992	2.16	3.00	-4.85	-2.73	9.18	-4.59	
425	120	74	14.025	2.00	2.92	-4.55	-2.73	18.37	0.00	
426	113	79	14.058	1.86	2.82	-3.64	-2.73	22.96	0.00	
427	108	83	14.091	1.76	2.74	-3.03	-2.73	13.77	0.00	
428	103	88	14.124	1.66	2.64	-2.73	-2.73	27.55	22.96	
429	99	92	14.157	1.58	2.56	-1.21	-1.21	27.55	22.96	
430	99	92	14.190	1.58	2.56	-0.91	-1.21	-13.77	-27.55	
431	96	96	14.223	1.52	2.48	-2.12	-3.03	-13.77	-13.77	
432	92	102	14.256	1.44	2.36	-1.82	-2.12	22.96	36.73	
433	90	103	14.289	1.40	2.34	-0.61	-0.61	27.55	27.55	
434	90	104	14.322	1.40	2.32	0.00	-0.30	9.18	9.18	
435	90	104	14.355	1.40	2.32	0.00	0.00	4.59	9.18	
436	90	104	14.388	1.40	2.32	0.30	0.30	18.37	27.55	
437	91	103	14.421	1.42	2.34	1.21	1.82	18.37	32.14	
438	94	98	14.454	1.48	2.44	1.52	2.42	-9.18	-13.77	
439	96	95	14.487	1.52	2.50	0.61	0.91	-4.59	-18.37	
440	96	95	14.520	1.52	2.50	1.21	1.21	22.96	22.96	
441	100	91	14.553	1.60	2.58	2.12	2.42	18.37	18.37	
442	103	87	14.586	1.66	2.66	2.42	2.42	18.37	4.59	
443	108	83	14.619	1.76	2.74	3.33	2.73	18.37	4.59	
444	114	78	14.652	1.88	2.84	3.64	2.73	9.18	-4.59	
445	120	74	14.685	2.00	2.92	3.94	2.42	13.77	-4.59	
446	127	70	14.718	2.14	3.00	4.55	2.42	18.37	-4.59	
447	135	66	14.751	2.30	3.08	5.15	2.12	13.77	-9.18	
448	144	63	14.784	2.48	3.14	5.45	1.82	4.59	-13.77	
449	153	60	14.817	2.66	3.20	5.45	1.21	4.59	-18.37	
450	162	59	14.850	2.84	3.22	5.76	0.61	9.18	-13.77	
451	172	58	14.883	3.04	3.24	6.06	0.30	0.00	-13.77	
452	182	58	14.916	3.24	3.24	5.76	-0.30	-9.18	-18.37	
453	191	59	14.949	3.42	3.22	5.45	-0.91	-9.18	-18.37	
454	200	61	14.982	3.60	3.18	5.15	-1.52	-13.77	-13.77	
455	208	64	15.015	3.76	3.12	4.55	-1.82	-13.77	-4.59	
456	215	67	15.048	3.90	3.06	4.24	-1.82	-13.77	-4.59	
457	222	70	15.081	4.04	3.00	3.64	-2.12	-18.37	-4.59	
458	227	74	15.114	4.14	2.92	3.03	-2.12	-13.77	4.59	
459	232	77	15.147	4.24	2.86	2.73	-1.82	-13.77	9.18	
460	236	80	15.180	4.32	2.80	2.12	-1.52	-18.37	9.18	
461	239	82	15.213	4.38	2.76	1.52	-1.21	-13.77	9.18	
462	241	84	15.246	4.42	2.72	1.21	-0.91	-13.77	9.18	
463	243	85	15.279	4.46	2.70	0.61	-0.61	-18.37	13.77	
464	243	86	15.312	4.46	2.68	0.00	0.00	-18.37	18.37	
465	243	85	15.345	4.46	2.70	-0.61	0.61	-18.37	9.18	
466	241	84	15.378	4.42	2.72	-1.21	0.61	-13.77	9.18	
467	239	83	15.411	4.38	2.74	-1.52	1.21	-9.18	18.37	
468	236	80	15.444	4.32	2.80	-1.82	1.82	-13.77	9.18	
469	233	77	15.477	4.26	2.86	-2.42	1.82	4.59	-13.77	
470	228	74	15.510	4.16	2.92	-1.52	0.91	13.77	-13.77	
471	228	74	15.543	4.16	2.92	-1.52	0.91	-59.69	27.55	
472	223	71	15.576	4.06	2.98	-5.45	2.73	-73.46	27.55	
473	210	65	15.609	3.80	3.10	-6.36	2.73	45.91	-27.55	
474	202	62	15.642	3.64	3.16	-2.42	0.91	59.69	-32.14	
475	202	62	15.675	3.64	3.16	-2.42	0.61	-82.64	4.59	
476	194	60	15.708	3.48	3.20	-7.88	1.21	-45.91	0.00	
477	176	58	15.741	3.12	3.24	-5.45	0.61	78.05	-18.37	
478	176	58	15.774	3.12	3.24	-2.73	0.00	0.00	-13.77	
479	167	58	15.807	2.94	3.24	-5.45	-0.30	0.00	-4.59	
480	158	59	15.840	2.76	3.22	-2.73	-0.30	0.00	-18.37	
481	158	59	15.873	2.76	3.22	-5.45	-1.52	-78.05	-32.14	
482	140	64	15.906	2.40	3.12	-7.88	-2.42	13.77	-9.18	
483	132	67	15.939	2.24	3.06	-4.55	-2.12	59.69	0.00	
484	125	71	15.972	2.10	2.98	-3.94	-2.42	13.77	-4.59	
485	119	75	16.005	1.98	2.90	-3.64	-2.42	9.18	0.00	
486	113	79	16.038	1.86	2.82	-3.33	-2.42	13.77	0.00	
487	108	83	16.071	1.76	2.74	-2.73	-2.42	18.37	4.59	
488	104	87	16.104	1.68	2.66	-2.12	-2.12	13.77	9.18	
489	101	90	16.137	1.62	2.60	-1.82	-1.82	9.18	9.18	
490	98	93	16.170	1.56	2.54	-1.52	-1.52	13.77	9.18	
491	96	95	16.203	1.52	2.50	-0.91	-1.21	13.77	13.77	
492	95	97	16.236	1.50	2.46	-0.61	-0.61	9.18	18.37	
493	94	97	16.269	1.48	2.46	-0.30	0.00	13.77	9.18	
494	94	97	16.302	1.48	2.46	0.30	0.00	13.77	9.18	
495	95	97	16.335	1.50	2.46	0.61	0.61	9.18	18.37	
496	96	95	16.368	1.52	2.50	0.91	1.21	9.18	13.77	
497	98	93	16.401	1.56	2.54	1.21	1.52	9.18	9.18	
498	100	90	16.434	1.60	2.60	1.52	1.82	13.77	4.59	
499	103	87	16.467	1.66	2.66	2.12	1.82	13.77	4.59	
500	107	84	16.500	1.74	2.72	2.42	2.12	13.77	4.59	
501	111	80	16.533	1.82	2.80	3.03	2.12	18.37	4.59	
502	117	77	16.566	1.94	2.86	3.64	2.42	9.18	4.59	
503	123	72	16.599	2.06	2.96	3.64	2.42	4.59	-4.59	
504	129	69	16.632	2.18	3.02	3.94	2.12	13.77	-9.18	
505	136	65	16.665	2.32	3.10	4.55	1.82	13.77	-9.18	
506	144	63	16.698	2.48	3.14	4.85	1.52	9.18	-9.18	
507	152	60	16.731	2.64	3.20	5.15	1.21	4.59	-13.77	
508	161	59	16.764	2.82	3.22	5.15	0.61	0.00	-13.77	
509	169	58	16.797	2.98	3.24	5.15	0.30	4.59	-13.77	
510	178	58	16.830	3.16	3.24	5.45	-0.30	0.00	-13.77	
511	187	59	16.863	3.34	3.22	5.15	-0.61	-9.18	-9.18	
512	195	60	16.896	3.50	3.20	4.85	-0.91	-13.77	-13.77	
513	203	62	16.929	3.66	3.16	4.24	-1.52	-13.77	-9.18	
514	209	65	16.962	3.78	3.10	3.94	-1.52	-9.18	0.00	
515	216	67	16.995	3.92	3.06	3.64	-1.52	-13.77	-4.59	
516	221	70	17.028	4.02	3.00	3.03	-1.82	-13.77	0.00	
517	226	73	17.061	4.12	2.94	2.73	-1.52	-13.77	9.18	
518	230	75	17.094	4.20	2.90	2.12	-1.21	-27.55	13.77	
519	233	77	17.127	4.26	2.86	0.91	-0.61	-22.96	9.18	
520	233	77	17.160	4.26	2.86	0.61	-0.61	0.00	-4.59	
521	235	79	17.193	4.30	2.82	0.91	-0.91	0.00	4.59	
522	236	80	17.226	4.32	2.80	0.61	-0.30	-9.18	13.77	
523	237	80	17.259	4.34	2.80	0.30	0.00	-13.77	9.18	
524	237	80	17.292	4.34	2.80	-0.30	0.30	-18.37	9.18	
525	236	79	17.325	4.32	2.82	-0.91	0.61	-18.37	9.18	
526	234	78	17.358	4.28	2.84	-1.52	0.91	-13.77	9.18	
527	231	76	17.391	4.22	2.88	-1.82	1.21	-9.18	9.18	
528	228	74	17.424	4.16	2.92	-2.12	1.52	-13.77	4.59	
529	224	71	17.457	4.08	2.98	-2.73	1.52	-13.77	0.00	
530	219	69	17.490	3.98	3.02	-3.03	1.52	-9.18	0.00	
531	214	66	17.523	3.88	3.08	-3.33	1.52	-13.77	-4.59	
532	208	64	17.556	3.76	3.12	-3.94	1.21	-18.37	-4.59	
533	201	62	17.589	3.62	3.16	-4.55	1.21	-9.18	-4.59	
534	193	60	17.622	3.46	3.20	-4.55	0.91	-4.59	-9.18	
535	186	59	17.655	3.32	3.22	-4.85	0.61	-9.18	-9.18	
536	177	58	17.688	3.14	3.24	-5.15	0.30	-4.59	-13.77	
537	169	58	17.721	2.98	3.24	-5.15	-0.30	0.00	-13.77	
538	160	59	17.754	2.80	3.22	-5.15	-0.61	4.59	-9.18	
539	152	60	17.787	2.64	3.20	-4.85	-0.91	9.18	-13.77	
540	144	62	17.820	2.48	3.16	-4.55	-1.52	9.18	-13.77	
541	137	65	17.853	2.34	3.10	-4.24	-1.82	9.18	-9.18	
542	130	68	17.886	2.20	3.04	-3.94	-2.12	9.18	-4.59	
543	124	72	17.919	2.08	2.96	-3.64	-2.12	9.18	0.00	
544	118	75	17.952	1.96	2.90	-3.33	-2.12	18.37	0.00	
545	113	79	17.985	1.86	2.82	-2.42	-2.12	18.37	4.59	
546	110	82	18.018	1.80	2.76	-2.12	-1.82	4.59	9.18	
547	106	85	18.051	1.72	2.70	-2.12	-1.52	9.18	4.59	
548	103	87	18.084	1.66	2.66	-1.52	-1.52	18.37	4.59	
549	101	90	18.117	1.62	2.60	-0.91	-1.21	13.77	13.77	
550	100	91	18.150	1.60	2.58	-0.61	-0.61	9.18	13.77	
551	99	92	18.183	1.58	2.56	-0.30	-0.30	9.18	13.77	
552	99	92	18.216	1.58	2.56	0.00	0.30	9.18	13.77	
553	99	91	18.249	1.58	2.58	0.30	0.61	13.77	4.59	
554	100	90	18.282	1.60	2.60	0.91	0.61	13.77	4.59	
555	102	89	18.315	1.64	2.62	1.21	0.91	9.18	13.77	
556	104	87	18.348	1.68	2.66	1.52	1.52	9.18	13.77	
557	107	84	18.381	1.74	2.72	1.82	1.82	13.77	4.59	
558	110	81	18.414	1.80	2.78	2.42	1.82	13.77	0.00	
559	115	78	18.447	1.90	2.84	2.73	1.82	4.59	4.59	
560	119	75	18.480	1.98	2.90	2.73	2.12	9.18	4.59	
561	124	71	18.513	2.08	2.98	3.33	2.12	-13.77	-18.37	
562	130	68	18.546	2.20	3.04	1.82	0.91	-18.37	-18.37	
563	130	68	18.579	2.20	3.04	2.12	0.91	4.59	0.00	
564	137	65	18.612	2.34	3.10	2.12	0.91	32.14	9.18	
565	137	65	18.645	2.34	3.10	4.24	1.52	68.87	13.77	
566	151	60	18.678	2.62	3.20	6.67	1.82	9.18	-13.77	
567	159	59	18.711	2.78	3.22	4.85	0.61	-27.55	-22.96	
568	167	58	18.744	2.94	3.24	4.85	0.30	0.00	-13.77	
569	175	58	18.777	3.10	3.24	4.85	-0.30	-4.59	-9.18	
570	183	59	18.810	3.26	3.22	4.55	-0.30	-9.18	-4.59	
571	190	59	18.843	3.40	3.22	4.24	-0.61	-4.59	-13.77	
572	197	61	18.876	3.54	3.18	4.24	-1.21	-4.59	-9.18	
573	204	63	18.909	3.68	3.14	3.94	-1.21	-13.77	0.00	
574	210	65	18.942	3.80	3.10	3.33	-1.21	-13.77	0.00	
575	215	67	18.975	3.90	3.06	3.03	-1.21	-13.77	0.00	
576	220	69	19.008	4.00	3.02	2.42	-1.21	-18.37	0.00	
577	223	71	19.041	4.06	2.98	1.82	-1.21	-9.18	0.00	
578	226	73	19.074	4.12	2.94	1.82	-1.21	-9.18	9.18	
579	229	75	19.107	4.18	2.90	1.21	-0.61	-18.37	13.77	
580	230	75	19.140	4.20	2.90	0.61	-0.30	-13.77	4.59	
581	231	76	19.173	4.22	2.88	0.30	-0.30	-13.77	9.18	
582	231	76	19.206	4.22	2.88	-0.30	0.30	-13.77	9.18	
583	230	75	19.239	4.20	2.90	-0.61	0.30	-9.18	4.59	
584	229	75	19.272	4.18	2.90	-0.91	0.61	-13.77	13.77	
585	227	73	19.305	4.14	2.94	-1.52	1.21	-18.37	4.59	
586	224	71	19.338	4.08	2.98	-2.12	0.91	-13.77	0.00	
587	220	70	19.371	4.00	3.00	-2.42	1.21	-9.18	9.18	
588	216	67	19.404	3.92	3.06	-2.73	1.52	-9.18	0.00	
589	211	65	19.437	3.82	3.10	-3.03	1.21	-13.77	-4.59	
590	206	63	19.470	3.72	3.14	-3.64	1.21	-13.77	-4.59	
591	199	61	19.503	3.58	3.18	-3.94	0.91	-4.59	-9.18	
592	193	60	19.536	3.46	3.20	-3.94	0.61	-9.18	-4.59	
593	186	59	19.569	3.32	3.22	-4.55	0.61	-13.77	-4.59	
594	178	58	19.602	3.16	3.24	-4.85	0.30	0.00	-13.77	
595	170	58	19.635	3.00	3.24	-4.55	-0.30	4.59	-13.77	
596	163	59	19.668	2.86	3.22	-4.55	-0.61	0.00	-4.59	
597	155	60	19.701	2.70	3.20	-4.55	-0.61	4.59	-4.59	
598	148	61	19.734	2.56	3.18	-4.24	-0.91	9.18	-13.77	
599	141	63	19.767	2.42	3.14	-3.94	-1.52	9.18	-13.77	
600	135	66	19.800	2.30	3.08	-3.64	-1.82	9.18	-4.59	
601	129	69	19.833	2.18	3.02	-3.33	-1.82	9.18	0.00	
602	124	72	19.866	2.08	2.96	-3.03	-1.82	27.55	13.77	
603	119	75	19.899	1.98	2.90	-1.52	-0.91	27.55	18.37	
604	119	75	19.932	1.98	2.90	-1.21	-0.61	-9.18	-9.18	
605	115	77	19.965	1.90	2.86	-2.12	-1.52	-18.37	-22.96	
606	112	80	19.998	1.84	2.80	-2.42	-2.12	0.00	-4.59	
607	107	84	20.031	1.74	2.72	-2.12	-1.82	27.55	22.96	
608	105	86	20.064	1.70	2.68	-0.61	-0.61	27.55	22.96	
609	105	86	20.097	1.70	2.68	-0.30	-0.30	4.59	4.59	
610	104	87	20.130	1.68	2.66	-0.30	-0.30	4.59	4.59	
611	104	87	20.163	1.68	2.66	0.00	0.00	9.18	9.18	
612	104	87	20.196	1.68	2.66	0.30	0.30	9.18	9.18	
613	105	86	20.229	1.70	2.68	0.61	0.61	9.18	9.18	
614	106	85	20.262	1.72	2.70	0.91	0.91	9.18	9.18	
615	108	83	20.295	1.76	2.74	1.21	1.21			
616	110	81	20.328	1.80	2.78					
