0	275	158	0.000	5.10	1.24					
1	275	158	0.033	5.10	1.24	0.00	0.00			
2	275	158	0.066	5.10	1.24	0.00	0.00	0.00	0.00	
3	275	158	0.099	5.10	1.24	0.00	0.00	0.00	13.77	
4	275	158	0.132	5.10	1.24	0.00	0.91	-4.59	32.14	
5	275	155	0.165	5.10	1.30	-0.30	2.12	-4.59	32.14	
6	274	151	0.198	5.08	1.38	-0.30	3.03	-4.59	32.14	
7	274	145	0.231	5.08	1.50	-0.61	4.24	-13.77	32.14	
8	272	137	0.264	5.04	1.66	-1.21	5.15	-18.37	27.55	
9	270	128	0.297	5.00	1.84	-1.82	6.06	-27.55	22.96	
10	266	117	0.330	4.92	2.06	-3.03	6.67	-36.73	9.18	
11	260	106	0.363	4.80	2.28	-4.24	6.67	-36.73	-4.59	
12	252	95	0.396	4.64	2.50	-5.45	6.36	-36.73	-9.18	
13	242	85	0.429	4.44	2.70	-6.67	6.06	-36.73	-13.77	
14	230	75	0.462	4.20	2.90	-7.88	5.45	-36.73	-32.14	
15	216	67	0.495	3.92	3.06	-9.09	3.94	-27.55	-41.32	
16	200	62	0.528	3.60	3.16	-9.70	2.73	-18.37	-41.32	
17	184	58	0.561	3.28	3.24	-10.30	1.21	-9.18	-55.10	
18	166	58	0.594	2.92	3.24	-10.30	-0.91	9.18	-59.69	
19	150	61	0.627	2.60	3.18	-9.70	-2.73	18.37	-45.91	
20	134	67	0.660	2.28	3.06	-9.09	-3.94	27.55	-32.14	
21	120	74	0.693	2.00	2.92	-7.88	-4.85	36.73	-27.55	
22	108	83	0.726	1.76	2.74	-6.67	-5.76	32.14	-27.55	
23	98	93	0.759	1.56	2.54	-5.76	-6.67	36.73	-13.77	
24	89	105	0.792	1.38	2.30	-4.24	-6.67	45.91	9.18	
25	84	115	0.825	1.28	2.10	-2.73	-6.06	32.14	13.77	
26	80	125	0.858	1.20	1.90	-2.12	-5.76	22.96	18.37	
27	77	134	0.891	1.14	1.72	-1.21	-4.85	22.96	27.55	
28	76	141	0.924	1.12	1.58	-0.61	-3.94	13.77	27.55	
29	75	147	0.957	1.10	1.46	-0.30	-3.03	9.18	32.14	
30	75	151	0.990	1.10	1.38	0.00	-1.82	4.59	36.73	
31	75	153	1.023	1.10	1.34	0.00	-0.61	0.00	32.14	
32	75	153	1.056	1.10	1.34	0.00	0.30	0.00	22.96	
33	75	152	1.089	1.10	1.36	0.00	0.91	4.59	27.55	
34	75	150	1.122	1.10	1.40	0.30	2.12	4.59	32.14	
35	76	145	1.155	1.12	1.50	0.30	3.03	4.59	22.96	
36	76	140	1.188	1.12	1.60	0.61	3.64	13.77	22.96	
37	78	133	1.221	1.16	1.74	1.21	4.55	13.77	22.96	
38	80	125	1.254	1.20	1.90	1.52	5.15	18.37	13.77	
39	83	116	1.287	1.26	2.08	2.42	5.45	27.55	4.59	
40	88	107	1.320	1.36	2.26	3.33	5.45	27.55	4.59	
41	94	98	1.353	1.48	2.44	4.24	5.76	32.14	0.00	
42	102	88	1.386	1.64	2.64	5.45	5.45	32.14	-13.77	
43	112	80	1.419	1.84	2.80	6.36	4.85	22.96	-18.37	
44	123	72	1.452	2.06	2.96	6.97	4.24	18.37	-22.96	
45	135	66	1.485	2.30	3.08	7.58	3.33	18.37	-32.14	
46	148	61	1.518	2.56	3.18	8.18	2.12	18.37	-36.73	
47	162	59	1.551	2.84	3.22	8.79	0.91	9.18	-32.14	
48	177	58	1.584	3.14	3.24	8.79	0.00	-9.18	-36.73	
49	191	59	1.617	3.42	3.22	8.18	-1.52	-13.77	-41.32	
50	204	63	1.650	3.68	3.14	7.88	-2.73	-13.77	-27.55	
51	217	68	1.683	3.94	3.04	7.27	-3.33	-27.55	-18.37	
52	228	74	1.716	4.16	2.92	6.06	-3.94	-32.14	-13.77	
53	237	81	1.749	4.34	2.78	5.15	-4.24	-22.96	-4.59	
54	245	88	1.782	4.50	2.64	4.55	-4.24	-27.55	4.59	
55	252	95	1.815	4.64	2.50	3.33	-3.94	-32.14	13.77	
56	256	101	1.848	4.72	2.38	2.42	-3.33	-22.96	13.77	
57	260	106	1.881	4.80	2.28	1.82	-3.03	-18.37	13.77	
58	262	111	1.914	4.84	2.18	1.21	-2.42	-18.37	27.55	
59	264	114	1.947	4.88	2.12	0.61	-1.21	-18.37	32.14	
60	264	115	1.980	4.88	2.10	0.00	-0.30	-9.18	22.96	
61	264	115	2.013	4.88	2.10	0.00	0.30	-9.18	22.96	
62	264	114	2.046	4.88	2.12	-0.61	1.21	-18.37	27.55	
63	262	111	2.079	4.84	2.18	-1.21	2.12	-13.77	22.96	
64	260	107	2.112	4.80	2.26	-1.52	2.73	-13.77	18.37	
65	257	102	2.145	4.74	2.36	-2.12	3.33	-22.96	13.77	
66	253	96	2.178	4.66	2.48	-3.03	3.64	-22.96	4.59	
67	247	90	2.211	4.54	2.60	-3.64	3.64	-18.37	0.00	
68	241	84	2.244	4.42	2.72	-4.24	3.64	-22.96	4.59	
69	233	78	2.277	4.26	2.84	-5.15	3.94	-22.96	0.00	
70	224	71	2.310	4.08	2.98	-5.76	3.64	-18.37	-18.37	
71	214	66	2.343	3.88	3.08	-6.36	2.73	-22.96	-22.96	
72	203	62	2.376	3.66	3.16	-7.27	2.12	-18.37	-22.96	
73	190	59	2.409	3.40	3.22	-7.58	1.21	0.00	-27.55	
74	178	58	2.442	3.16	3.24	-7.27	0.30	0.00	-27.55	
75	166	58	2.475	2.92	3.24	-7.58	-0.61	0.00	-27.55	
76	153	60	2.508	2.66	3.20	-7.27	-1.52	9.18	-27.55	
77	142	63	2.541	2.44	3.14	-6.97	-2.42	13.77	-22.96	
78	130	68	2.574	2.20	3.04	-6.36	-3.03	22.96	-18.37	
79	121	73	2.607	2.02	2.94	-5.45	-3.64	22.96	-13.77	
80	112	80	2.640	1.84	2.80	-4.85	-3.94	22.96	-4.59	
81	105	86	2.673	1.70	2.68	-3.94	-3.94	22.96	4.59	
82	99	93	2.706	1.58	2.54	-3.33	-3.64	18.37	9.18	
83	94	98	2.739	1.48	2.44	-2.73	-3.33	18.37	9.18	
84	90	104	2.772	1.40	2.32	-2.12	-3.03	18.37	9.18	
85	87	108	2.805	1.34	2.24	-1.52	-2.73	18.37	13.77	
86	85	113	2.838	1.30	2.14	-0.91	-2.12	13.77	22.96	
87	84	115	2.871	1.28	2.10	-0.61	-1.21	9.18	22.96	
88	83	117	2.904	1.26	2.06	-0.30	-0.61	9.18	18.37	
89	83	117	2.937	1.26	2.06	0.00	0.00	9.18	18.37	
90	83	117	2.970	1.26	2.06	0.30	0.61	9.18	22.96	
91	84	115	3.003	1.28	2.10	0.61	1.52	9.18	18.37	
92	85	112	3.036	1.30	2.16	0.91	1.82	13.77	13.77	
93	87	109	3.069	1.34	2.22	1.52	2.42	13.77	18.37	
94	90	104	3.102	1.40	2.32	1.82	3.03	9.18	9.18	
95	93	99	3.135	1.46	2.42	2.12	3.03	13.77	4.59	
96	97	94	3.168	1.54	2.52	2.73	3.33	18.37	4.59	
97	102	88	3.201	1.64	2.64	3.33	3.33	18.37	0.00	
98	108	83	3.234	1.76	2.74	3.94	3.33	18.37	0.00	
99	115	77	3.267	1.90	2.86	4.55	3.33	18.37	-4.59	
100	123	72	3.300	2.06	2.96	5.15	3.03	18.37	-9.18	
101	132	67	3.333	2.24	3.06	5.76	2.73	13.77	-13.77	
102	142	63	3.366	2.44	3.14	6.06	2.12	4.59	-22.96	
103	152	60	3.399	2.64	3.20	6.06	1.21	4.59	-22.96	
104	162	59	3.432	2.84	3.22	6.36	0.61	4.59	-13.77	
105	173	58	3.465	3.06	3.24	6.36	0.30	0.00	-18.37	
106	183	58	3.498	3.26	3.24	6.36	-0.61	-4.59	-22.96	
107	194	60	3.531	3.48	3.20	6.06	-1.21	-18.37	-13.77	
108	203	62	3.564	3.66	3.16	5.15	-1.52	-18.37	-13.77	
109	211	65	3.597	3.82	3.10	4.85	-2.12	-9.18	-13.77	
110	219	69	3.630	3.98	3.02	4.55	-2.42	-13.77	0.00	
111	226	73	3.663	4.12	2.94	3.94	-2.12	-22.96	4.59	
112	232	76	3.696	4.24	2.88	3.03	-2.12	-22.96	0.00	
113	236	80	3.729	4.32	2.80	2.42	-2.12	-13.77	4.59	
114	240	83	3.762	4.40	2.74	2.12	-1.82	-13.77	9.18	
115	243	86	3.795	4.46	2.68	1.52	-1.52	-18.37	13.77	
116	245	88	3.828	4.50	2.64	0.91	-0.91	-18.37	18.37	
117	246	89	3.861	4.52	2.62	0.30	-0.30	-18.37	18.37	
118	246	89	3.894	4.52	2.62	-0.30	0.30	-13.77	18.37	
119	245	88	3.927	4.50	2.64	-0.61	0.91	-9.18	13.77	
120	244	86	3.960	4.48	2.68	-0.91	1.21	-13.77	4.59	
121	242	84	3.993	4.44	2.72	-1.52	1.21	-18.37	4.59	
122	239	82	4.026	4.38	2.76	-2.12	1.52	-18.37	13.77	
123	235	79	4.059	4.30	2.82	-2.73	2.12	-18.37	9.18	
124	230	75	4.092	4.20	2.90	-3.33	2.12	-13.77	0.00	
125	224	72	4.125	4.08	2.96	-3.64	2.12	-9.18	0.00	
126	218	68	4.158	3.96	3.04	-3.94	2.12	-13.77	-4.59	
127	211	65	4.191	3.82	3.10	-4.55	1.82	-13.77	-9.18	
128	203	62	4.224	3.66	3.16	-4.85	1.52	-9.18	-13.77	
129	195	60	4.257	3.50	3.20	-5.15	0.91	-13.77	-13.77	
130	186	59	4.290	3.32	3.22	-5.76	0.61	-9.18	-9.18	
131	176	58	4.323	3.12	3.24	-5.76	0.30	4.59	-13.77	
132	167	58	4.356	2.94	3.24	-5.45	-0.30	4.59	-18.37	
133	158	59	4.389	2.76	3.22	-5.45	-0.91	4.59	-18.37	
134	149	61	4.422	2.58	3.18	-5.15	-1.52	9.18	-13.77	
135	141	64	4.455	2.42	3.12	-4.85	-1.82	9.18	-4.59	
136	133	67	4.488	2.26	3.06	-4.55	-1.82	13.77	-4.59	
137	126	70	4.521	2.12	3.00	-3.94	-2.12	18.37	-9.18	
138	120	74	4.554	2.00	2.92	-3.33	-2.42	13.77	-4.59	
139	115	78	4.587	1.90	2.84	-3.03	-2.42	9.18	4.59	
140	110	82	4.620	1.80	2.76	-2.73	-2.12	13.77	9.18	
141	106	85	4.653	1.72	2.70	-2.12	-1.82	18.37	9.18	
142	103	88	4.686	1.66	2.64	-1.52	-1.52	13.77	9.18	
143	101	90	4.719	1.62	2.60	-1.21	-1.21	9.18	4.59	
144	99	92	4.752	1.58	2.56	-0.91	-1.21	9.18	9.18	
145	98	94	4.785	1.56	2.52	-0.61	-0.61	13.77	18.37	
146	97	94	4.818	1.54	2.52	0.00	0.00	13.77	13.77	
147	98	94	4.851	1.56	2.52	0.30	0.30	9.18	9.18	
148	98	93	4.884	1.56	2.54	0.61	0.61	9.18	13.77	
149	100	92	4.917	1.60	2.56	0.91	1.21	9.18	13.77	
150	101	89	4.950	1.62	2.62	1.21	1.52	13.77	4.59	
151	104	87	4.983	1.68	2.66	1.82	1.52	13.77	4.59	
152	107	84	5.016	1.74	2.72	2.12	1.82	9.18	4.59	
153	111	81	5.049	1.82	2.78	2.42	1.82	9.18	4.59	
154	115	78	5.082	1.90	2.84	2.73	2.12	13.77	4.59	
155	120	74	5.115	2.00	2.92	3.33	2.12	13.77	0.00	
156	126	71	5.148	2.12	2.98	3.64	2.12	4.59	0.00	
157	132	67	5.181	2.24	3.06	3.64	2.12	4.59	-9.18	
158	138	64	5.214	2.36	3.12	3.94	1.52	13.77	-13.77	
159	145	62	5.247	2.50	3.16	4.55	1.21	13.77	-9.18	
160	153	60	5.280	2.66	3.20	4.85	0.91	4.59	-9.18	
161	161	59	5.313	2.82	3.22	4.85	0.61	-4.59	-9.18	
162	169	58	5.346	2.98	3.24	4.55	0.30	-9.18	-9.18	
163	176	58	5.379	3.12	3.24	4.24	0.00	0.00	-9.18	
164	183	58	5.412	3.26	3.24	4.55	-0.30	4.59	-13.77	
165	191	59	5.445	3.42	3.22	4.55	-0.91	-9.18	-9.18	
166	198	61	5.478	3.56	3.18	3.94	-0.91	-18.37	0.00	
167	204	62	5.511	3.68	3.16	3.33	-0.91	-13.77	-4.59	
168	209	64	5.544	3.78	3.12	3.03	-1.21	-9.18	-4.59	
169	214	66	5.577	3.88	3.08	2.73	-1.21	-13.77	0.00	
170	218	68	5.610	3.96	3.04	2.12	-1.21	-13.77	4.59	
171	221	70	5.643	4.02	3.00	1.82	-0.91	-13.77	9.18	
172	224	71	5.676	4.08	2.98	1.21	-0.61	-13.77	4.59	
173	225	72	5.709	4.10	2.96	0.91	-0.61	-9.18	4.59	
174	227	73	5.742	4.14	2.94	0.61	-0.30	-13.77	9.18	
175	227	73	5.775	4.14	2.94	0.00	0.00	-13.77	4.59	
176	227	73	5.808	4.14	2.94	-0.30	0.00	-13.77	9.18	
177	226	73	5.841	4.12	2.94	-0.91	0.61	-13.77	13.77	
178	224	71	5.874	4.08	2.98	-1.21	0.91	-9.18	0.00	
179	222	70	5.907	4.04	3.00	-1.52	0.61	-13.77	0.00	
180	219	69	5.940	3.98	3.02	-2.12	0.91	-13.77	9.18	
181	215	67	5.973	3.90	3.06	-2.42	1.21	-9.18	4.59	
182	211	65	6.006	3.82	3.10	-2.73	1.21	-9.18	-4.59	
183	206	63	6.039	3.72	3.14	-3.03	0.91	-9.18	-4.59	
184	201	62	6.072	3.62	3.16	-3.33	0.91	-13.77	0.00	
185	195	60	6.105	3.50	3.20	-3.94	0.91	-9.18	-4.59	
186	188	59	6.138	3.36	3.22	-3.94	0.61	4.59	-9.18	
187	182	58	6.171	3.24	3.24	-3.64	0.30	0.00	-9.18	
188	176	58	6.204	3.12	3.24	-3.94	0.00	-9.18	-9.18	
189	169	58	6.237	2.98	3.24	-4.24	-0.30	0.00	-9.18	
190	162	59	6.270	2.84	3.22	-3.94	-0.61	4.59	-4.59	
191	156	60	6.303	2.72	3.20	-3.94	-0.61	0.00	-4.59	
192	149	61	6.336	2.58	3.18	-3.94	-0.91	9.18	-9.18	
193	143	63	6.369	2.46	3.14	-3.33	-1.21	13.77	-4.59	
194	138	65	6.402	2.36	3.10	-3.03	-1.21	4.59	0.00	
195	133	67	6.435	2.26	3.06	-3.03	-1.21	4.59	0.00	
196	128	69	6.468	2.16	3.02	-2.73	-1.21	13.77	-4.59	
197	124	71	6.501	2.08	2.98	-2.12	-1.52	13.77	0.00	
198	121	74	6.534	2.02	2.92	-1.82	-1.21	9.18	9.18	
199	118	75	6.567	1.96	2.90	-1.52	-0.91	9.18	4.59	
200	116	77	6.600	1.92	2.86	-1.21	-0.91	9.18	4.59	
201	114	78	6.633	1.88	2.84	-0.91	-0.61	9.18	4.59	
202	113	79	6.666	1.86	2.82	-0.61	-0.61	9.18	4.59	
203	112	80	6.699	1.84	2.80	-0.30	-0.30	13.77	13.77	
204	112	80	6.732	1.84	2.80	0.30	0.30	13.77	9.18	
205	113	79	6.765	1.86	2.82	0.61	0.30	4.59	0.00	
206	114	79	6.798	1.88	2.82	0.61	0.30	4.59	9.18	
207	115	78	6.831	1.90	2.84	0.91	0.91	9.18	13.77	
208	117	76	6.864	1.94	2.88	1.21	1.21	9.18	0.00	
209	119	74	6.897	1.98	2.92	1.52	0.91	9.18	-4.59	
210	122	73	6.930	2.04	2.94	1.82	0.91	9.18	4.59	
211	125	71	6.963	2.10	2.98	2.12	1.21	13.77	4.59	
212	129	69	6.996	2.18	3.02	2.73	1.21	9.18	0.00	
213	134	67	7.029	2.28	3.06	2.73	1.21	0.00	0.00	
214	138	65	7.062	2.36	3.10	2.73	1.21	4.59	0.00	
215	143	63	7.095	2.46	3.14	3.03	1.21	9.18	-4.59	
216	148	61	7.128	2.56	3.18	3.33	0.91	4.59	-9.18	
217	154	60	7.161	2.68	3.20	3.33	0.61	0.00	-4.59	
218	159	59	7.194	2.78	3.22	3.33	0.61	4.59	-4.59	
219	165	58	7.227	2.90	3.24	3.64	0.30	0.00	-9.18	
220	171	58	7.260	3.02	3.24	3.33	0.00	-9.18	-4.59	
221	176	58	7.293	3.12	3.24	3.03	0.00	-4.59	-4.59	
222	181	58	7.326	3.22	3.24	3.03	-0.30	0.00	-4.59	
223	186	59	7.359	3.32	3.22	3.03	-0.30	-4.59	0.00	
224	191	59	7.392	3.42	3.22	2.73	-0.30	-9.18	-4.59	
225	195	60	7.425	3.50	3.20	2.42	-0.61	-9.18	-4.59	
226	199	61	7.458	3.58	3.18	2.12	-0.61	-9.18	0.00	
227	202	62	7.491	3.64	3.16	1.82	-0.61	-9.18	0.00	
228	205	63	7.524	3.70	3.14	1.52	-0.61	-9.18	4.59	
229	207	64	7.557	3.74	3.12	1.21	-0.30	-9.18	4.59	
230	209	64	7.590	3.78	3.12	0.91	-0.30	-13.77	0.00	
231	210	65	7.623	3.80	3.10	0.30	-0.30	-13.77	4.59	
232	210	65	7.656	3.80	3.10	0.00	0.00	-4.59	4.59	
233	210	65	7.689	3.80	3.10	0.00	0.00	-4.59	4.59	
234	210	65	7.722	3.80	3.10	-0.30	0.30	-13.77	4.59	
235	209	64	7.755	3.78	3.12	-0.91	0.30	-13.77	0.00	
236	207	64	7.788	3.74	3.12	-1.21	0.30	-4.59	4.59	
237	205	63	7.821	3.70	3.14	-1.21	0.61	-9.18	4.59	
238	203	62	7.854	3.66	3.16	-1.82	0.61	-13.77	0.00	
239	199	61	7.887	3.58	3.18	-2.12	0.61	-4.59	0.00	
240	196	60	7.920	3.52	3.20	-2.12	0.61	-4.59	-4.59	
241	192	59	7.953	3.44	3.22	-2.42	0.30	-4.59	-4.59	
242	188	59	7.986	3.36	3.22	-2.42	0.30	-4.59	0.00	
243	184	58	8.019	3.28	3.24	-2.73	0.30	-9.18	-4.59	
244	179	58	8.052	3.18	3.24	-3.03	0.00	-4.59	-4.59	
245	174	58	8.085	3.08	3.24	-3.03	0.00	0.00	0.00	
246	169	58	8.118	2.98	3.24	-3.03	0.00	4.59	-4.59	
247	164	58	8.151	2.88	3.24	-2.73	-0.30	4.59	-9.18	
248	160	59	8.184	2.80	3.22	-2.73	-0.61	0.00	-4.59	
249	155	60	8.217	2.70	3.20	-2.73	-0.61	4.59	0.00	
250	151	61	8.250	2.62	3.18	-2.42	-0.61	4.59	0.00	
251	147	62	8.283	2.54	3.16	-2.42	-0.61	0.00	0.00	
252	143	63	8.316	2.46	3.14	-2.42	-0.61	4.59	-4.59	
253	139	64	8.349	2.38	3.12	-2.12	-0.91	9.18	-4.59	
254	136	66	8.382	2.32	3.08	-1.82	-0.91	9.18	4.59	
255	133	67	8.415	2.26	3.06	-1.52	-0.61	9.18	4.59	
256	131	68	8.448	2.22	3.04	-1.21	-0.61	4.59	0.00	
257	129	69	8.481	2.18	3.02	-1.21	-0.61	4.59	4.59	
258	127	70	8.514	2.14	3.00	-0.91	-0.30	9.18	4.59	
259	126	70	8.547	2.12	3.00	-0.61	-0.30	9.18	0.00	
260	125	71	8.580	2.10	2.98	-0.30	-0.30	9.18	4.59	
261	125	71	8.613	2.10	2.98	0.00	0.00	9.18	9.18	
262	125	71	8.646	2.10	2.98	0.30	0.30	9.18	4.59	
263	126	70	8.679	2.12	3.00	0.61	0.30	4.59	0.00	
264	127	70	8.712	2.14	3.00	0.61	0.30	4.59	4.59	
265	128	69	8.745	2.16	3.02	0.91	0.61	9.18	4.59	
266	130	68	8.778	2.20	3.04	1.21	0.61	4.59	0.00	
267	132	67	8.811	2.24	3.06	1.21	0.61	4.59	0.00	
268	134	66	8.844	2.28	3.08	1.52	0.61	9.18	0.00	
269	137	65	8.877	2.34	3.10	1.82	0.61	9.18	0.00	
270	140	64	8.910	2.40	3.12	2.12	0.61	4.59	4.59	
271	144	63	8.943	2.48	3.14	2.12	0.91	0.00	0.00	
272	147	61	8.976	2.54	3.18	2.12	0.61	4.59	-9.18	
273	151	61	9.009	2.62	3.18	2.42	0.30	4.59	0.00	
274	155	60	9.042	2.70	3.20	2.42	0.61	0.00	4.59	
275	159	59	9.075	2.78	3.22	2.42	0.61	0.00	-4.59	
276	163	58	9.108	2.86	3.24	2.42	0.30	0.00	-9.18	
277	167	58	9.141	2.94	3.24	2.42	0.00	0.00	-4.59	
278	171	58	9.174	3.02	3.24	2.42	0.00	0.00	0.00	
279	175	58	9.207	3.10	3.24	2.42	0.00	-4.59	0.00	
280	179	58	9.240	3.18	3.24	2.12	0.00	-9.18	-4.59	
281	182	58	9.273	3.24	3.24	1.82	-0.30	-4.59	-4.59	
282	185	59	9.306	3.30	3.22	1.82	-0.30	0.00	4.59	
283	188	59	9.339	3.36	3.22	1.82	0.00	-4.59	0.00	
284	191	59	9.372	3.42	3.22	1.52	-0.30	-9.18	-4.59	
285	193	60	9.405	3.46	3.20	1.21	-0.30	-9.18	4.59	
286	195	60	9.438	3.50	3.20	0.91	0.00	-9.18	0.00	
287	196	60	9.471	3.52	3.20	0.61	-0.30	-4.59	-4.59	
288	197	61	9.504	3.54	3.18	0.61	-0.30	-4.59	4.59	
289	198	61	9.537	3.56	3.18	0.30	0.00	-9.18	4.59	
290	198	61	9.570	3.56	3.18	0.00	0.00	-9.18	0.00	
291	198	61	9.603	3.56	3.18	-0.30	0.00	-9.18	4.59	
292	197	61	9.636	3.54	3.18	-0.61	0.30	-9.18	4.59	
293	196	60	9.669	3.52	3.20	-0.91	0.30	-4.59	-4.59	
294	194	60	9.702	3.48	3.20	-0.91	0.00	-4.59	0.00	
295	193	60	9.735	3.46	3.20	-1.21	0.30	-9.18	4.59	
296	190	59	9.768	3.40	3.22	-1.52	0.30	-4.59	-4.59	
297	188	59	9.801	3.36	3.22	-1.52	0.00	-4.59	0.00	
298	185	59	9.834	3.30	3.22	-1.82	0.30	-4.59	4.59	
299	182	58	9.867	3.24	3.24	-1.82	0.30	0.00	-4.59	
300	179	58	9.900	3.18	3.24	-1.82	0.00	-4.59	-4.59	
301	176	58	9.933	3.12	3.24	-2.12	0.00	-4.59	0.00	
302	172	58	9.966	3.04	3.24	-2.12	0.00	4.59	0.00	
303	169	58	9.999	2.98	3.24	-1.82	0.00	0.00	-4.59	
304	166	58	10.032	2.92	3.24	-2.12	-0.30	-4.59	-4.59	
305	162	59	10.065	2.84	3.22	-2.12	-0.30	4.59	0.00	
306	159	59	10.098	2.78	3.22	-1.82	-0.30	0.00	0.00	
307	156	60	10.131	2.72	3.20	-2.12	-0.30	-4.59	0.00	
308	152	60	10.164	2.64	3.20	-2.12	-0.30	9.18	-4.59	
309	149	61	10.197	2.58	3.18	-1.52	-0.61	9.18	0.00	
310	147	62	10.230	2.54	3.16	-1.52	-0.30	0.00	4.59	
311	144	62	10.263	2.48	3.16	-1.52	-0.30	4.59	-4.59	
312	142	63	10.296	2.44	3.14	-1.21	-0.61	9.18	0.00	
313	140	64	10.329	2.40	3.12	-0.91	-0.30	4.59	4.59	
314	139	64	10.362	2.38	3.12	-0.91	-0.30	0.00	0.00	
315	137	65	10.395	2.34	3.10	-0.91	-0.30	9.18	0.00	
316	136	65	10.428	2.32	3.10	-0.30	-0.30	9.18	0.00	
317	136	66	10.461	2.32	3.08	-0.30	-0.30	0.00	4.59	
318	135	66	10.494	2.30	3.08	-0.30	0.00	9.18	4.59	
319	135	66	10.527	2.30	3.08	0.30	0.00	9.18	4.59	
320	136	66	10.560	2.32	3.08	0.30	0.30	0.00	4.59	
321	136	65	10.593	2.32	3.10	0.30	0.30	4.59	-4.59	
322	137	65	10.626	2.34	3.10	0.61	0.00	9.18	0.00	
323	138	65	10.659	2.36	3.10	0.91	0.30	9.18	9.18	
324	140	64	10.692	2.40	3.12	1.21	0.61	4.59	0.00	
325	142	63	10.725	2.44	3.14	1.21	0.30	0.00	-4.59	
326	144	63	10.758	2.48	3.14	1.21	0.30	0.00	4.59	
327	146	62	10.791	2.52	3.16	1.21	0.61	4.59	4.59	
328	148	61	10.824	2.56	3.18	1.52	0.61	9.18	-4.59	
329	151	60	10.857	2.62	3.20	1.82	0.30	0.00	-9.18	
330	154	60	10.890	2.68	3.20	1.52	0.00	-4.59	0.00	
331	156	60	10.923	2.72	3.20	1.52	0.30	4.59	9.18	
332	159	59	10.956	2.78	3.22	1.82	0.61	4.59	0.00	
333	162	58	10.989	2.84	3.24	1.82	0.30	0.00	-9.18	
334	165	58	11.022	2.90	3.24	1.82	0.00	0.00	-4.59	
335	168	58	11.055	2.96	3.24	1.82	0.00	-4.59	0.00	
336	171	58	11.088	3.02	3.24	1.52	0.00	-4.59	0.00	
337	173	58	11.121	3.06	3.24	1.52	0.00	0.00	0.00	
338	176	58	11.154	3.12	3.24	1.52	0.00	-4.59	0.00	
339	178	58	11.187	3.16	3.24	1.21	0.00	-4.59	0.00	
340	180	58	11.220	3.20	3.24	1.21	0.00	0.00	0.00	
341	182	58	11.253	3.24	3.24	1.21	0.00	-4.59	-4.59	
342	184	58	11.286	3.28	3.24	0.91	-0.30	-9.18	-4.59	
343	185	59	11.319	3.30	3.22	0.61	-0.30	-4.59	4.59	
344	186	59	11.352	3.32	3.22	0.61	0.00	0.00	4.59	
345	187	59	11.385	3.34	3.22	0.61	0.00	-4.59	0.00	
346	188	59	11.418	3.36	3.22	0.30	0.00	-9.18	0.00	
347	188	59	11.451	3.36	3.22	0.00	0.00	-4.59	0.00	
348	188	59	11.484	3.36	3.22	0.00	0.00	-4.59	0.00	
349	188	59	11.517	3.36	3.22	-0.30	0.00	-9.18	0.00	
350	187	59	11.550	3.34	3.22	-0.61	0.00	-4.59	0.00	
351	186	59	11.583	3.32	3.22	-0.61	0.00	-4.59	4.59	
352	185	59	11.616	3.30	3.22	-0.91	0.30	-4.59	4.59	
353	183	58	11.649	3.26	3.24	-0.91	0.30	0.00	-4.59	
354	182	58	11.682	3.24	3.24	-0.91	0.00	-4.59	-4.59	
355	180	58	11.715	3.20	3.24	-1.21	0.00	-4.59	0.00	
356	178	58	11.748	3.16	3.24	-1.21	0.00	-4.59	0.00	
357	176	58	11.781	3.12	3.24	-1.52	0.00	-4.59	0.00	
358	173	58	11.814	3.06	3.24	-1.52	0.00	0.00	0.00	
359	171	58	11.847	3.02	3.24	-1.52	0.00	0.00	0.00	
360	168	58	11.880	2.96	3.24	-1.52	0.00	0.00	-4.59	
361	166	58	11.913	2.92	3.24	-1.52	-0.30	0.00	-4.59	
362	163	59	11.946	2.86	3.22	-1.52	-0.30	4.59	4.59	
363	161	59	11.979	2.82	3.22	-1.21	0.00	0.00	4.59	
364	159	59	12.012	2.78	3.22	-1.52	0.00	-4.59	-4.59	
365	156	59	12.045	2.72	3.22	-1.52	-0.30	4.59	-4.59	
366	154	60	12.078	2.68	3.20	-1.21	-0.30	9.18	0.00	
367	152	60	12.111	2.64	3.20	-0.91	-0.30	0.00	0.00	
368	151	61	12.144	2.62	3.18	-1.21	-0.30	-4.59	4.59	
369	148	61	12.177	2.56	3.18	-1.21	0.00	9.18	0.00	
370	147	61	12.210	2.54	3.18	-0.61	-0.30	9.18	-4.59	
371	146	62	12.243	2.52	3.16	-0.61	-0.30	0.00	4.59	
372	145	62	12.276	2.50	3.16	-0.61	0.00	4.59	0.00	
373	144	62	12.309	2.48	3.16	-0.30	-0.30	4.59	-4.59	
374	144	63	12.342	2.48	3.14	-0.30	-0.30	0.00	4.59	
375	143	63	12.375	2.46	3.14	-0.30	0.00	4.59	4.59	
376	143	63	12.408	2.46	3.14	0.00	0.00	9.18	0.00	
377	143	63	12.441	2.46	3.14	0.30	0.00	4.59	0.00	
378	144	63	12.474	2.48	3.14	0.30	0.00	0.00	4.59	
379	144	63	12.507	2.48	3.14	0.30	0.30	4.59	4.59	
380	145	62	12.540	2.50	3.16	0.61	0.30	4.59	0.00	
381	146	62	12.573	2.52	3.16	0.61	0.30	4.59	0.00	
382	147	61	12.606	2.54	3.18	0.91	0.30	4.59	-4.59	
383	149	61	12.639	2.58	3.18	0.91	0.00	0.00	0.00	
384	150	61	12.672	2.60	3.18	0.91	0.30	4.59	4.59	
385	152	60	12.705	2.64	3.20	1.21	0.30	4.59	-4.59	
386	154	60	12.738	2.68	3.20	1.21	0.00	0.00	0.00	
387	156	60	12.771	2.72	3.20	1.21	0.30	0.00	4.59	
388	158	59	12.804	2.76	3.22	1.21	0.30	0.00	-4.59	
389	160	59	12.837	2.80	3.22	1.21	0.00	0.00	0.00	
390	162	59	12.870	2.84	3.22	1.21	0.30	0.00	4.59	
391	164	58	12.903	2.88	3.24	1.21	0.30	0.00	-4.59	
392	166	58	12.936	2.92	3.24	1.21	0.00	0.00	-4.59	
393	168	58	12.969	2.96	3.24	1.21	0.00	0.00	0.00	
394	170	58	13.002	3.00	3.24	1.21	0.00	-4.59	0.00	
395	172	58	13.035	3.04	3.24	0.91	0.00	-4.59	0.00	
396	173	58	13.068	3.06	3.24	0.91	0.00	0.00	0.00	
397	175	58	13.101	3.10	3.24	0.91	0.00	0.00	0.00	
398	176	58	13.134	3.12	3.24	0.91	0.00	0.00	0.00	
399	178	58	13.167	3.16	3.24	0.91	0.00	-9.18	0.00	
400	179	58	13.200	3.18	3.24	0.30	0.00	-9.18	0.00	
401	179	58	13.233	3.18	3.24	0.30	0.00	4.59	0.00	
402	180	58	13.266	3.20	3.24	0.61	0.00	0.00	0.00	
403	181	58	13.299	3.22	3.24	0.30	0.00	-9.18	0.00	
404	181	58	13.332	3.22	3.24	0.00	0.00	-4.59	0.00	
405	181	58	13.365	3.22	3.24	0.00	0.00	-4.59	0.00	
406	181	58	13.398	3.22	3.24	-0.30	0.00	-4.59	0.00	
407	180	58	13.431	3.20	3.24	-0.30	0.00	0.00	0.00	
408	180	58	13.464	3.20	3.24	-0.30	0.00	-4.59	0.00	
409	179	58	13.497	3.18	3.24	-0.61	0.00	-4.59	0.00	
410	178	58	13.530	3.16	3.24	-0.61	0.00	0.00	0.00	
411	177	58	13.563	3.14	3.24	-0.61	0.00	-4.59	0.00	
412	176	58	13.596	3.12	3.24	-0.91	0.00	-4.59	0.00	
413	174	58	13.629	3.08	3.24	-0.91	0.00	0.00	0.00	
414	173	58	13.662	3.06	3.24	-0.91	0.00	-4.59	0.00	
415	171	58	13.695	3.02	3.24	-1.21	0.00	0.00	0.00	
416	169	58	13.728	2.98	3.24	-0.91	0.00	4.59	0.00	
417	168	58	13.761	2.96	3.24	-0.91	0.00	-4.59	0.00	
418	166	58	13.794	2.92	3.24	-1.21	0.00	0.00	-4.59	
419	164	58	13.827	2.88	3.24	-0.91	-0.30	4.59	-4.59	
420	163	59	13.860	2.86	3.22	-0.91	-0.30	-4.59	4.59	
421	161	59	13.893	2.82	3.22	-1.21	0.00	-4.59	4.59	
422	159	59	13.926	2.78	3.22	-1.21	0.00	4.59	0.00	
423	157	59	13.959	2.74	3.22	-0.91	0.00	9.18	-4.59	
424	156	59	13.992	2.72	3.22	-0.61	-0.30	0.00	-4.59	
425	155	60	14.025	2.70	3.20	-0.91	-0.30	-4.59	4.59	
426	153	60	14.058	2.66	3.20	-0.91	0.00	4.59	4.59	
427	152	60	14.091	2.64	3.20	-0.61	0.00	9.18	-4.59	
428	151	60	14.124	2.62	3.20	-0.30	-0.30	4.59	-4.59	
429	151	61	14.157	2.62	3.18	-0.30	-0.30	0.00	4.59	
430	150	61	14.190	2.60	3.18	-0.30	0.00	0.00	4.59	
431	150	61	14.223	2.60	3.18	-0.30	0.00	0.00	0.00	
432	149	61	14.256	2.58	3.18	-0.30	0.00	4.59	0.00	
433	149	61	14.289	2.58	3.18	0.00	0.00	4.59	0.00	
434	149	61	14.322	2.58	3.18	0.00	0.00	4.59	0.00	
435	149	61	14.355	2.58	3.18	0.30	0.00	4.59	0.00	
436	150	61	14.388	2.60	3.18	0.30	0.00	0.00	0.00	
437	150	61	14.421	2.60	3.18	0.30	0.00	4.59	0.00	
438	151	61	14.454	2.62	3.18	0.61	0.00	4.59	4.59	
439	152	61	14.487	2.64	3.18	0.61	0.30	0.00	4.59	
440	153	60	14.520	2.66	3.20	0.61	0.30	0.00	-4.59	
441	154	60	14.553	2.68	3.20	0.61	0.00	0.00	0.00	
442	155	60	14.586	2.70	3.20	0.61	0.30	0.00	4.59	
443	156	59	14.619	2.72	3.22	0.61	0.30	4.59	-4.59	
444	157	59	14.652	2.74	3.22	0.91	0.00	4.59	-4.59	
445	159	59	14.685	2.78	3.22	0.91	0.00	0.00	0.00	
446	160	59	14.718	2.80	3.22	0.91	0.00	0.00	4.59	
447	162	59	14.751	2.84	3.22	0.91	0.30	-4.59	4.59	
448	163	58	14.784	2.86	3.24	0.61	0.30	0.00	-4.59	
449	164	58	14.817	2.88	3.24	0.91	0.00	4.59	-4.59	
450	166	58	14.850	2.92	3.24	0.91	0.00	0.00	0.00	
451	167	58	14.883	2.94	3.24	0.91	0.00	0.00	0.00	
452	169	58	14.916	2.98	3.24	0.91	0.00	-4.59	0.00	
453	170	58	14.949	3.00	3.24	0.61	0.00	-4.59	0.00	
454	171	58	14.982	3.02	3.24	0.61	0.00	0.00	0.00	
455	172	58	15.015	3.04	3.24	0.61	0.00	0.00	0.00	
456	173	58	15.048	3.06	3.24	0.61	0.00	-4.59	0.00	
457	174	58	15.081	3.08	3.24	0.30	0.00	-4.59	0.00	
458	174	58	15.114	3.08	3.24	0.30	0.00	0.00	0.00	
459	175	58	15.147	3.10	3.24	0.30	0.00	-4.59	0.00	
460	175	58	15.180	3.10	3.24	0.00	0.00	0.00	0.00	
461	175	58	15.213	3.10	3.24	0.30	0.00	4.59	0.00	
462	176	58	15.246	3.12	3.24	0.30	0.00	-9.18	0.00	
463	176	58	15.279	3.12	3.24	-0.30	0.00	-9.18	0.00	
464	175	58	15.312	3.10	3.24	-0.30	0.00	4.59	0.00	
465	175	58	15.345	3.10	3.24	0.00	0.00	0.00	0.00	
466	175	58	15.378	3.10	3.24	-0.30	0.00	-9.18	0.00	
467	174	58	15.411	3.08	3.24	-0.61	0.00	-4.59	0.00	
468	173	58	15.444	3.06	3.24	-0.61	0.00	0.00	0.00	
469	172	58	15.477	3.04	3.24	-0.61	0.00	0.00	0.00	
470	171	58	15.510	3.02	3.24	-0.61	0.00	0.00	0.00	
471	170	58	15.543	3.00	3.24	-0.61	0.00	0.00	0.00	
472	169	58	15.576	2.98	3.24	-0.61	0.00	0.00	0.00	
473	168	58	15.609	2.96	3.24	-0.61	0.00	0.00	0.00	
474	167	58	15.642	2.94	3.24	-0.61	0.00	-4.59	0.00	
475	166	58	15.675	2.92	3.24	-0.91	0.00	-4.59	0.00	
476	164	58	15.708	2.88	3.24	-0.91	0.00	4.59	-4.59	
477	163	58	15.741	2.86	3.24	-0.61	-0.30	4.59	-4.59	
478	162	59	15.774	2.84	3.22	-0.61	-0.30	0.00	4.59	
479	161	59	15.807	2.82	3.22	-0.61	0.00	0.00	4.59	
480	160	59	15.840	2.80	3.22	-0.61	0.00	0.00	0.00	
481	159	59	15.873	2.78	3.22	-0.61	0.00	0.00	0.00	
482	158	59	15.906	2.76	3.22	-0.61	0.00	0.00	-4.59	
483	157	59	15.939	2.74	3.22	-0.61	-0.30	0.00	-4.59	
484	156	60	15.972	2.72	3.20	-0.61	-0.30	4.59	4.59	
485	155	60	16.005	2.70	3.20	-0.30	0.00	4.59	4.59	
486	155	60	16.038	2.70	3.20	-0.30	0.00	0.00	0.00	
487	154	60	16.071	2.68	3.20	-0.30	0.00	4.59	0.00	
488	154	60	16.104	2.68	3.20	0.00	0.00	0.00	0.00	
489	154	60	16.137	2.68	3.20	-0.30	0.00	-4.59	0.00	
490	153	60	16.170	2.66	3.20	-0.30	0.00	4.59	0.00	
491	153	60	16.203	2.66	3.20	0.00	0.00	9.18	0.00	
492	153	60	16.236	2.66	3.20	0.30	0.00	4.59	0.00	
493	154	60	16.269	2.68	3.20	0.30	0.00	-4.59	0.00	
494	154	60	16.302	2.68	3.20	0.00	0.00	0.00	0.00	
495	154	60	16.335	2.68	3.20	0.30	0.00	9.18	0.00	
496	155	60	16.368	2.70	3.20	0.61	0.00	0.00	0.00	
497	156	60	16.401	2.72	3.20	0.30	0.00	-4.59	4.59	
498	156	60	16.434	2.72	3.20	0.30	0.30	4.59	4.59	
499	157	59	16.467	2.74	3.22	0.61	0.30	4.59	-4.59	
500	158	59	16.500	2.76	3.22	0.61	0.00	0.00	-4.59	
501	159	59	16.533	2.78	3.22	0.61	0.00	0.00	0.00	
502	160	59	16.566	2.80	3.22	0.61	0.00	0.00	0.00	
503	161	59	16.599	2.82	3.22	0.61	0.00	0.00	4.59	
504	162	59	16.632	2.84	3.22	0.61	0.30	0.00	4.59	
505	163	58	16.665	2.86	3.24	0.61	0.30	0.00	-4.59	
506	164	58	16.698	2.88	3.24	0.61	0.00	0.00	-4.59	
507	165	58	16.731	2.90	3.24	0.61	0.00	0.00	0.00	
508	166	58	16.764	2.92	3.24	0.61	0.00	0.00	0.00	
509	167	58	16.797	2.94	3.24	0.61	0.00	-4.59	0.00	
510	168	58	16.830	2.96	3.24	0.30	0.00	-4.59	0.00	
511	168	58	16.863	2.96	3.24	0.30	0.00	4.59	0.00	
512	169	58	16.896	2.98	3.24	0.61	0.00	0.00	0.00	
513	170	58	16.929	3.00	3.24	0.30	0.00	-4.59	0.00	
514	170	58	16.962	3.00	3.24	0.30	0.00	0.00	0.00	
515	171	58	16.995	3.02	3.24	0.30	0.00	0.00	0.00	
516	171	58	17.028	3.02	3.24	0.30	0.00	0.00	0.00	
517	172	58	17.061	3.04	3.24	0.30	0.00	-4.59	0.00	
518	172	58	17.094	3.04	3.24	0.00	0.00	-4.59	0.00	
519	172	58	17.127	3.04	3.24	0.00	0.00	0.00	0.00	
520	172	58	17.160	3.04	3.24	0.00	0.00	0.00	0.00	
521	172	58	17.193	3.04	3.24	0.00	0.00	-4.59	0.00	
522	172	58	17.226	3.04	3.24	-0.30	0.00	-4.59	0.00	
523	171	58	17.259	3.02	3.24	-0.30	0.00	0.00	0.00	
524	171	58	17.292	3.02	3.24	-0.30	0.00	0.00	0.00	
525	170	58	17.325	3.00	3.24	-0.30	0.00	0.00	0.00	
526	170	58	17.358	3.00	3.24	-0.30	0.00	0.00	0.00	
527	169	58	17.391	2.98	3.24	-0.30	0.00	0.00	0.00	
528	169	58	17.424	2.98	3.24	-0.30	0.00	-4.59	0.00	
529	168	58	17.457	2.96	3.24	-0.61	0.00	-4.59	0.00	
530	167	58	17.490	2.94	3.24	-0.61	0.00	0.00	0.00	
531	166	58	17.523	2.92	3.24	-0.61	0.00	0.00	0.00	
532	165	58	17.556	2.90	3.24	-0.61	0.00	4.59	0.00	
533	164	58	17.589	2.88	3.24	-0.30	0.00	4.59	-4.59	
534	164	58	17.622	2.88	3.24	-0.30	-0.30	-4.59	-4.59	
535	163	59	17.655	2.86	3.22	-0.61	-0.30	-4.59	4.59	
536	162	59	17.688	2.84	3.22	-0.61	0.00	0.00	4.59	
537	161	59	17.721	2.82	3.22	-0.61	0.00	4.59	0.00	
538	160	59	17.754	2.80	3.22	-0.30	0.00	4.59	0.00	
539	160	59	17.787	2.80	3.22	-0.30	0.00	0.00	0.00	
540	159	59	17.820	2.78	3.22	-0.30	0.00	0.00	0.00	
541	159	59	17.853	2.78	3.22	-0.30	0.00	-4.59	0.00	
542	158	59	17.886	2.76	3.22	-0.61	0.00	0.00	0.00	
543	157	59	17.919	2.74	3.22	-0.30	0.00	9.18	0.00	
544	157	59	17.952	2.74	3.22	0.00	0.00	4.59	0.00	
545	157	59	17.985	2.74	3.22	0.00	0.00	-4.59	-4.59	
546	157	59	18.018	2.74	3.22	-0.30	-0.30	-4.59	-4.59	
547	156	60	18.051	2.72	3.20	-0.30	-0.30	4.59	4.59	
548	156	60	18.084	2.72	3.20	0.00	0.00	4.59	9.18	
549	156	60	18.117	2.72	3.20	0.00	0.30	4.59	4.59	
550	156	59	18.150	2.72	3.22	0.30	0.30	4.59	-4.59	
551	157	59	18.183	2.74	3.22	0.30	0.00	-4.59	-4.59	
552	157	59	18.216	2.74	3.22	0.00	0.00	0.00	0.00	
553	157	59	18.249	2.74	3.22	0.30	0.00	4.59	0.00	
554	158	59	18.282	2.76	3.22	0.30	0.00	0.00	0.00	
555	158	59	18.315	2.76	3.22	0.30	0.00	0.00	0.00	
556	159	59	18.348	2.78	3.22	0.30	0.00	0.00	0.00	
557	159	59	18.381	2.78	3.22	0.30	0.00	4.59	0.00	
558	160	59	18.414	2.80	3.22	0.61	0.00	0.00	0.00	
559	161	59	18.447	2.82	3.22	0.30	0.00	-4.59	0.00	
560	161	59	18.480	2.82	3.22	0.30	0.00	4.59	4.59	
561	162	59	18.513	2.84	3.22	0.61	0.30	0.00	0.00	
562	163	58	18.546	2.86	3.24	0.30	0.00	-4.59	-9.18	
563	163	59	18.579	2.86	3.22	0.30	-0.30	4.59	4.59	
564	164	59	18.612	2.88	3.22	0.61	0.30	0.00	9.18	
565	165	58	18.645	2.90	3.24	0.30	0.30	-4.59	-4.59	
566	165	58	18.678	2.90	3.24	0.30	0.00	4.59	-4.59	
567	166	58	18.711	2.92	3.24	0.61	0.00	0.00	0.00	
568	167	58	18.744	2.94	3.24	0.30	0.00	-4.59	0.00	
569	167	58	18.777	2.94	3.24	0.30	0.00	0.00	0.00	
570	168	58	18.810	2.96	3.24	0.30	0.00	-4.59	0.00	
571	168	58	18.843	2.96	3.24	0.00	0.00	0.00	0.00	
572	168	58	18.876	2.96	3.24	0.30	0.00	4.59	0.00	
573	169	58	18.909	2.98	3.24	0.30	0.00	-4.59	0.00	
574	169	58	18.942	2.98	3.24	0.00	0.00	-4.59	0.00	
575	169	58	18.975	2.98	3.24	0.00	0.00	0.00	0.00	
576	169	58	19.008	2.98	3.24	0.00	0.00	0.00	0.00	
577	169	58	19.041	2.98	3.24	0.00	0.00	0.00	0.00	
578	169	58	19.074	2.98	3.24	0.00	0.00	0.00	0.00	
579	169	58	19.107	2.98	3.24	0.00	0.00	0.00	0.00	
580	169	58	19.140	2.98	3.24	0.00	0.00	-4.59	0.00	
581	169	58	19.173	2.98	3.24	-0.30	0.00	-4.59	0.00	
582	168	58	19.206	2.96	3.24	-0.30	0.00	0.00	0.00	
583	168	58	19.239	2.96	3.24	-0.30	0.00	0.00	0.00	
584	167	58	19.272	2.94	3.24	-0.30	0.00	4.59	0.00	
585	167	58	19.305	2.94	3.24	0.00	0.00	0.00	0.00	
586	167	58	19.338	2.94	3.24	-0.30	0.00	-9.18	0.00	
587	166	58	19.371	2.92	3.24	-0.61	0.00	0.00	0.00	
588	165	58	19.404	2.90	3.24	-0.30	0.00	4.59	0.00	
589	165	58	19.437	2.90	3.24	-0.30	0.00	0.00	0.00	
590	164	58	19.470	2.88	3.24	-0.30	0.00	0.00	0.00	
591	164	58	19.503	2.88	3.24	-0.30	0.00	0.00	0.00	
592	163	58	19.536	2.86	3.24	-0.30	0.00	0.00	-4.59	
593	163	58	19.569	2.86	3.24	-0.30	-0.30	0.00	0.00	
594	162	59	19.602	2.84	3.22	-0.30	0.00	0.00	4.59	
595	162	58	19.635	2.84	3.24	-0.30	0.00	0.00	-4.59	
596	161	59	19.668	2.82	3.22	-0.30	-0.30	0.00	0.00	
597	161	59	19.701	2.82	3.22	-0.30	0.00	0.00	4.59	
598	160	59	19.734	2.80	3.22	-0.30	0.00	0.00	0.00	
599	160	59	19.767	2.80	3.22	-0.30	0.00	0.00	0.00	
600	159	59	19.800	2.78	3.22	-0.30	0.00	4.59	0.00	
601	159	59	19.833	2.78	3.22	0.00	0.00	4.59	0.00	
602	159	59	19.866	2.78	3.22	0.00	0.00			
603	159	59	19.899	2.78	3.22					
