0	262	109	0.000	4.84	2.22					
1	262	110	0.033	4.84	2.20	0.00	-0.30			
2	262	110	0.066	4.84	2.20	0.00	0.30	-4.59	4.59	
3	262	109	0.099	4.84	2.22	-0.30	0.00	0.00	-9.18	
4	261	110	0.132	4.82	2.20	0.00	-0.30	9.18	4.59	
5	262	110	0.165	4.84	2.20	0.30	0.30	0.00	4.59	
6	262	109	0.198	4.84	2.22	0.00	0.00	-4.59	-4.59	
7	262	110	0.231	4.84	2.20	0.00	0.00	-4.59	4.59	
8	262	109	0.264	4.84	2.22	-0.30	0.30	-9.18	13.77	
9	261	109	0.297	4.82	2.22	-0.61	0.91	-13.77	22.96	
10	260	106	0.330	4.80	2.28	-1.21	1.82	-13.77	18.37	
11	257	103	0.363	4.74	2.34	-1.52	2.12	-13.77	18.37	
12	255	99	0.396	4.70	2.42	-2.12	3.03	-22.96	18.37	
13	250	93	0.429	4.60	2.54	-3.03	3.33	-22.96	4.59	
14	245	88	0.462	4.50	2.64	-3.64	3.33	-18.37	4.59	
15	238	82	0.495	4.36	2.76	-4.24	3.64	22.96	-22.96	
16	231	76	0.528	4.22	2.88	-2.12	1.82	22.96	-27.55	
17	231	76	0.561	4.22	2.88	-2.73	1.82	-9.18	0.00	
18	222	70	0.594	4.04	3.00	-2.73	1.82	-55.10	9.18	
19	222	70	0.627	4.04	3.00	-6.36	2.42	-55.10	9.18	
20	201	62	0.660	3.62	3.16	-6.36	2.42	-18.37	-18.37	
21	201	62	0.693	3.62	3.16	-7.58	1.21	-18.37	-18.37	
22	176	58	0.726	3.12	3.24	-7.58	1.21	0.00	-32.14	
23	176	58	0.759	3.12	3.24	-7.58	-0.91	-55.10	-45.91	
24	151	61	0.792	2.62	3.18	-11.21	-1.82	4.59	-27.55	
25	139	64	0.825	2.38	3.12	-7.27	-2.73	73.46	-22.96	
26	127	70	0.858	2.14	3.00	-6.36	-3.33	22.96	-18.37	
27	118	75	0.891	1.96	2.90	-5.76	-3.94	18.37	-13.77	
28	108	83	0.924	1.76	2.74	-5.15	-4.24	27.55	-4.59	
29	101	89	0.957	1.62	2.62	-3.94	-4.24	27.55	-4.59	
30	95	97	0.990	1.50	2.46	-3.33	-4.55	18.37	0.00	
31	90	104	1.023	1.40	2.32	-2.73	-4.24	18.37	13.77	
32	86	111	1.056	1.32	2.18	-2.12	-3.64	18.37	18.37	
33	83	116	1.089	1.26	2.08	-1.52	-3.03	18.37	18.37	
34	81	121	1.122	1.22	1.98	-0.91	-2.42	18.37	22.96	
35	80	124	1.155	1.20	1.92	-0.30	-1.52	9.18	22.96	
36	80	126	1.188	1.20	1.88	-0.30	-0.91	0.00	22.96	
37	79	127	1.221	1.18	1.86	-0.30	0.00	9.18	22.96	
38	79	126	1.254	1.18	1.88	0.30	0.61	13.77	18.37	
39	80	125	1.287	1.20	1.90	0.61	1.21	9.18	22.96	
40	81	122	1.320	1.22	1.96	0.91	2.12	9.18	22.96	
41	83	118	1.353	1.26	2.04	1.21	2.73	9.18	18.37	
42	85	113	1.386	1.30	2.14	1.52	3.33	13.77	13.77	
43	88	107	1.419	1.36	2.26	2.12	3.64	18.37	9.18	
44	92	101	1.452	1.44	2.38	2.73	3.94	22.96	9.18	
45	97	94	1.485	1.54	2.52	3.64	4.24	22.96	4.59	
46	104	87	1.518	1.68	2.66	4.24	4.24	18.37	-4.59	
47	111	80	1.551	1.82	2.80	4.85	3.94	22.96	-9.18	
48	120	74	1.584	2.00	2.92	5.76	3.64	22.96	-13.77	
49	130	68	1.617	2.20	3.04	6.36	3.03	18.37	-18.37	
50	141	64	1.650	2.42	3.12	6.97	2.42	13.77	-18.37	
51	153	60	1.683	2.66	3.20	7.27	1.82	9.18	-27.55	
52	165	58	1.716	2.90	3.24	7.58	0.61	4.59	-32.14	
53	178	58	1.749	3.16	3.24	7.58	-0.30	-4.59	-27.55	
54	190	59	1.782	3.40	3.22	7.27	-1.21	-9.18	-27.55	
55	202	62	1.815	3.64	3.16	6.97	-2.12	-9.18	-22.96	
56	213	66	1.848	3.86	3.08	6.67	-2.73	-55.10	9.18	
57	224	71	1.881	4.08	2.98	3.33	-1.52	-64.28	13.77	
58	224	71	1.914	4.08	2.98	2.42	-1.82	55.10	-59.69	
59	232	77	1.947	4.24	2.86	6.97	-5.45	55.10	-55.10	
60	247	89	1.980	4.54	2.62	6.06	-5.45	-82.64	55.10	
61	252	95	2.013	4.64	2.50	1.52	-1.82	-78.05	59.69	
62	252	95	2.046	4.64	2.50	0.91	-1.52	13.77	-22.96	
63	255	100	2.079	4.70	2.40	2.42	-3.33	9.18	-4.59	
64	260	106	2.112	4.80	2.28	1.52	-1.82	-32.14	41.32	
65	260	106	2.145	4.80	2.28	0.30	-0.61	-18.37	18.37	
66	261	108	2.178	4.82	2.24	0.30	-0.61	-9.18	13.77	
67	261	108	2.211	4.82	2.24	-0.30	0.30	-13.77	22.96	
68	260	107	2.244	4.80	2.26	-0.61	0.91	-9.18	18.37	
69	259	105	2.277	4.78	2.30	-0.91	1.52	-13.77	18.37	
70	257	102	2.310	4.74	2.36	-1.52	2.12	-22.96	18.37	
71	254	98	2.343	4.68	2.44	-2.42	2.73	-22.96	18.37	
72	249	93	2.376	4.58	2.54	-3.03	3.33	-13.77	13.77	
73	244	87	2.409	4.48	2.66	-3.33	3.64	-18.37	0.00	
74	238	81	2.442	4.36	2.78	-4.24	3.33	-27.55	-4.59	
75	230	76	2.475	4.20	2.88	-5.15	3.33	-22.96	0.00	
76	221	70	2.508	4.02	3.00	-5.76	3.33	-18.37	-13.77	
77	211	65	2.541	3.82	3.10	-6.36	2.42	-18.37	-22.96	
78	200	62	2.574	3.60	3.16	-6.97	1.82	-13.77	-18.37	
79	188	59	2.607	3.36	3.22	-7.27	1.21	-9.18	-27.55	
80	176	58	2.640	3.12	3.24	-7.58	0.00	-4.59	-32.14	
81	163	59	2.673	2.86	3.22	-7.58	-0.91	4.59	-22.96	
82	151	61	2.706	2.62	3.18	-7.27	-1.52	9.18	-22.96	
83	139	64	2.739	2.38	3.12	-6.97	-2.42	13.77	-32.14	
84	128	69	2.772	2.16	3.02	-6.36	-3.64	18.37	-22.96	
85	118	76	2.805	1.96	2.88	-5.76	-3.94	18.37	-4.59	
86	109	82	2.838	1.78	2.76	-5.15	-3.94	22.96	-4.59	
87	101	89	2.871	1.62	2.62	-4.24	-4.24	27.55	-4.59	
88	95	96	2.904	1.50	2.48	-3.33	-4.24	27.55	4.59	
89	90	103	2.937	1.40	2.34	-2.42	-3.94	22.96	9.18	
90	87	109	2.970	1.34	2.22	-1.82	-3.64	13.77	13.77	
91	84	115	3.003	1.28	2.10	-1.52	-3.03	13.77	18.37	
92	82	119	3.036	1.24	2.02	-0.91	-2.42	13.77	18.37	
93	81	123	3.069	1.22	1.94	-0.61	-1.82	9.18	22.96	
94	80	125	3.102	1.20	1.90	-0.30	-0.91	9.18	27.55	
95	80	126	3.135	1.20	1.88	0.00	0.00	4.59	22.96	
96	80	125	3.168	1.20	1.90	0.00	0.61	4.59	18.37	
97	80	124	3.201	1.20	1.92	0.30	1.21	13.77	22.96	
98	81	121	3.234	1.22	1.98	0.91	2.12	4.59	0.00	
99	83	117	3.267	1.26	2.06	0.61	1.21	-4.59	-9.18	
100	83	117	3.300	1.26	2.06	0.61	1.52	36.73	59.69	
101	85	112	3.333	1.30	2.16	3.03	5.15	50.51	64.28	
102	93	100	3.366	1.46	2.40	3.94	5.76	-22.96	-45.91	
103	98	93	3.399	1.56	2.54	1.52	2.12	-32.14	-59.69	
104	98	93	3.432	1.56	2.54	1.82	1.82	78.05	55.10	
105	104	87	3.465	1.68	2.66	6.67	5.76	91.83	59.69	
106	120	74	3.498	2.00	2.92	7.88	5.76	-55.10	-59.69	
107	130	68	3.531	2.20	3.04	3.03	1.82	-68.87	-68.87	
108	130	68	3.564	2.20	3.04	3.33	1.21	59.69	9.18	
109	141	64	3.597	2.42	3.12	6.97	2.42	59.69	9.18	
110	153	60	3.630	2.66	3.20	7.27	1.82	4.59	-27.55	
111	165	58	3.663	2.90	3.24	7.27	0.61	4.59	-32.14	
112	177	58	3.696	3.14	3.24	7.58	-0.30	4.59	-27.55	
113	190	59	3.729	3.40	3.22	7.58	-1.21	-9.18	-27.55	
114	202	62	3.762	3.64	3.16	6.97	-2.12	-18.37	-22.96	
115	213	66	3.795	3.86	3.08	6.36	-2.73	-18.37	-18.37	
116	223	71	3.828	4.06	2.98	5.76	-3.33	-18.37	-13.77	
117	232	77	3.861	4.24	2.86	5.15	-3.64	-22.96	-4.59	
118	240	83	3.894	4.40	2.74	4.24	-3.64	-27.55	4.59	
119	246	89	3.927	4.52	2.62	3.33	-3.33	-22.96	9.18	
120	251	94	3.960	4.62	2.52	2.73	-3.03	-22.96	9.18	
121	255	99	3.993	4.70	2.42	1.82	-2.73	-22.96	18.37	
122	257	103	4.026	4.74	2.34	1.21	-1.82	-13.77	22.96	
123	259	105	4.059	4.78	2.30	0.91	-1.21	-13.77	18.37	
124	260	107	4.092	4.80	2.26	0.30	-0.61	-13.77	22.96	
125	260	107	4.125	4.80	2.26	0.00	0.30	-13.77	22.96	
126	260	106	4.158	4.80	2.28	-0.61	0.91	-18.37	18.37	
127	258	104	4.191	4.76	2.32	-1.21	1.52	-13.77	18.37	
128	256	101	4.224	4.72	2.38	-1.52	2.12	-13.77	18.37	
129	253	97	4.257	4.66	2.46	-2.12	2.73	-18.37	18.37	
130	249	92	4.290	4.58	2.56	-2.73	3.33	-22.96	9.18	
131	244	86	4.323	4.48	2.68	-3.64	3.33	-27.55	0.00	
132	237	81	4.356	4.34	2.78	-4.55	3.33	-22.96	0.00	
133	229	75	4.389	4.18	2.90	-5.15	3.33	-13.77	-4.59	
134	220	70	4.422	4.00	3.00	-5.45	3.03	-13.77	-9.18	
135	211	65	4.455	3.82	3.10	-6.06	2.73	-22.96	-18.37	
136	200	61	4.488	3.60	3.18	-6.97	1.82	-18.37	-27.55	
137	188	59	4.521	3.36	3.22	-7.27	0.91	-9.18	-27.55	
138	176	58	4.554	3.12	3.24	-7.58	0.00	50.51	-18.37	
139	163	59	4.587	2.86	3.22	-3.94	-0.30	59.69	-9.18	
140	163	59	4.620	2.86	3.22	-3.64	-0.61	-101.01	-41.32	
141	151	61	4.653	2.62	3.18	-10.61	-3.03	-91.83	-55.10	
142	128	69	4.686	2.16	3.02	-9.70	-4.24	73.46	-13.77	
143	119	75	4.719	1.98	2.90	-5.76	-3.94	68.87	0.00	
144	109	82	4.752	1.78	2.76	-5.15	-4.24	55.10	27.55	
145	102	89	4.785	1.64	2.62	-2.12	-2.12	50.51	32.14	
146	102	89	4.818	1.64	2.62	-1.82	-2.12	-36.73	-59.69	
147	96	96	4.851	1.52	2.48	-4.55	-6.06	-27.55	-50.51	
148	87	109	4.884	1.34	2.22	-3.64	-5.45	55.10	68.87	
149	84	114	4.917	1.28	2.12	-0.91	-1.52	45.91	64.28	
150	84	114	4.950	1.28	2.12	-0.61	-1.21	0.00	-13.77	
151	82	118	4.983	1.24	2.04	-0.91	-2.42	0.00	-9.18	
152	81	122	5.016	1.22	1.96	-0.61	-1.82	9.18	27.55	
153	80	124	5.049	1.20	1.92	-0.30	-0.61	9.18	27.55	
154	80	124	5.082	1.20	1.92	0.00	0.00	9.18	13.77	
155	80	124	5.115	1.20	1.92	0.30	0.30	9.18	18.37	
156	81	123	5.148	1.22	1.94	0.61	1.21	4.59	27.55	
157	82	120	5.181	1.24	2.00	0.61	2.12	9.18	22.96	
158	83	116	5.214	1.26	2.08	1.21	2.73	18.37	18.37	
159	86	111	5.247	1.32	2.18	1.82	3.33	13.77	9.18	
160	89	105	5.280	1.38	2.30	2.12	3.33	13.77	4.59	
161	93	100	5.313	1.46	2.40	2.73	3.64	22.96	13.77	
162	98	93	5.346	1.56	2.54	3.64	4.24	22.96	4.59	
163	105	86	5.379	1.70	2.68	4.24	3.94	18.37	-4.59	
164	112	80	5.412	1.84	2.80	4.85	3.94	18.37	-4.59	
165	121	73	5.445	2.02	2.94	5.45	3.64	18.37	-18.37	
166	130	68	5.478	2.20	3.04	6.06	2.73	22.96	-18.37	
167	141	64	5.511	2.42	3.12	6.97	2.42	18.37	-13.77	
168	153	60	5.544	2.66	3.20	7.27	1.82	4.59	-27.55	
169	165	58	5.577	2.90	3.24	7.27	0.61	0.00	-32.14	
170	177	58	5.610	3.14	3.24	7.27	-0.30	0.00	-27.55	
171	189	59	5.643	3.38	3.22	7.27	-1.21	-4.59	-27.55	
172	201	62	5.676	3.62	3.16	6.97	-2.12	-13.77	-22.96	
173	212	66	5.709	3.84	3.08	6.36	-2.73	-18.37	-13.77	
174	222	71	5.742	4.04	2.98	5.76	-3.03	-18.37	-9.18	
175	231	76	5.775	4.22	2.88	5.15	-3.33	-22.96	-9.18	
176	239	82	5.808	4.38	2.76	4.24	-3.64	-27.55	0.00	
177	245	88	5.841	4.50	2.64	3.33	-3.33	-22.96	9.18	
178	250	93	5.874	4.60	2.54	2.73	-3.03	-18.37	9.18	
179	254	98	5.907	4.68	2.44	2.12	-2.73	-27.55	27.55	
180	257	102	5.940	4.74	2.36	0.91	-1.21	-27.55	27.55	
181	257	102	5.973	4.74	2.36	0.30	-0.91	-4.59	0.00	
182	258	105	6.006	4.76	2.30	0.61	-1.21	0.00	13.77	
183	259	106	6.039	4.78	2.28	0.30	0.00	-13.77	32.14	
184	259	105	6.072	4.78	2.30	-0.30	0.91	-22.96	22.96	
185	258	103	6.105	4.76	2.34	-1.21	1.52	-22.96	18.37	
186	255	100	6.138	4.70	2.40	-1.82	2.12	4.59	-4.59	
187	252	96	6.171	4.64	2.48	-0.91	1.21	9.18	-9.18	
188	252	96	6.204	4.64	2.48	-1.21	1.52	-4.59	4.59	
189	248	91	6.237	4.56	2.58	-1.21	1.52	-32.14	27.55	
190	248	91	6.270	4.56	2.58	-3.33	3.33	-68.87	50.51	
191	237	80	6.303	4.34	2.80	-5.76	4.85	-27.55	-4.59	
192	229	75	6.336	4.18	2.90	-5.15	3.03	0.00	-27.55	
193	220	70	6.369	4.00	3.00	-5.76	3.03	-18.37	-4.59	
194	210	65	6.402	3.80	3.10	-6.36	2.73	36.73	-27.55	
195	199	61	6.435	3.58	3.18	-3.33	1.21	-9.18	-27.55	
196	199	61	6.468	3.58	3.18	-6.97	0.91	-114.78	-9.18	
197	176	58	6.501	3.12	3.24	-10.91	0.61	-9.18	-22.96	
198	163	59	6.534	2.86	3.22	-7.58	-0.61	55.10	-32.14	
199	151	60	6.567	2.62	3.20	-7.27	-1.52	13.77	-32.14	
200	139	64	6.600	2.38	3.12	-6.67	-2.73	18.37	-27.55	
201	129	69	6.633	2.18	3.02	-6.06	-3.33	13.77	-13.77	
202	119	75	6.666	1.98	2.90	-5.76	-3.64	18.37	-9.18	
203	110	81	6.699	1.80	2.78	-4.85	-3.94	27.55	-9.18	
204	103	88	6.732	1.66	2.64	-3.94	-4.24	18.37	-4.59	
205	97	95	6.765	1.54	2.50	-3.64	-4.24	18.37	4.59	
206	91	102	6.798	1.42	2.36	-2.73	-3.94	27.55	13.77	
207	88	108	6.831	1.36	2.24	-1.82	-3.33	18.37	18.37	
208	85	113	6.864	1.30	2.14	-1.52	-2.73	13.77	18.37	
209	83	117	6.897	1.26	2.06	-0.91	-2.12	13.77	13.77	
210	82	120	6.930	1.24	2.00	-0.61	-1.82	4.59	18.37	
211	81	123	6.963	1.22	1.94	-0.61	-0.91	9.18	27.55	
212	80	123	6.996	1.20	1.94	0.00	0.00	13.77	18.37	
213	81	123	7.029	1.22	1.94	0.30	0.30	4.59	18.37	
214	81	122	7.062	1.22	1.96	0.30	1.21	9.18	27.55	
215	82	119	7.095	1.24	2.02	0.91	2.12	13.77	22.96	
216	84	115	7.128	1.28	2.10	1.21	2.73	9.18	13.77	
217	86	110	7.161	1.32	2.20	1.52	3.03	18.37	9.18	
218	89	105	7.194	1.38	2.30	2.42	3.33	22.96	13.77	
219	94	99	7.227	1.48	2.42	3.03	3.94	13.77	9.18	
220	99	92	7.260	1.58	2.56	3.33	3.94	13.77	0.00	
221	105	86	7.293	1.70	2.68	3.94	3.94	22.96	-4.59	
222	112	79	7.326	1.84	2.82	4.85	3.64	27.55	-9.18	
223	121	74	7.359	2.02	2.92	5.76	3.33	18.37	-9.18	
224	131	68	7.392	2.22	3.04	6.06	3.03	13.77	-13.77	
225	141	64	7.425	2.42	3.12	6.67	2.42	18.37	-18.37	
226	153	60	7.458	2.66	3.20	7.27	1.82	9.18	-27.55	
227	165	58	7.491	2.90	3.24	7.27	0.61	0.00	-32.14	
228	177	58	7.524	3.14	3.24	7.27	-0.30	0.00	-27.55	
229	189	59	7.557	3.38	3.22	7.27	-1.21	-4.59	-27.55	
230	201	62	7.590	3.62	3.16	6.97	-2.12	-59.69	0.00	
231	212	66	7.623	3.84	3.08	3.33	-1.21	-64.28	13.77	
232	212	66	7.656	3.84	3.08	2.73	-1.21	-9.18	0.00	
233	221	70	7.689	4.02	3.00	2.73	-1.21	36.73	-32.14	
234	221	70	7.722	4.02	3.00	5.15	-3.33	64.28	-59.69	
235	238	81	7.755	4.36	2.78	6.97	-5.15	-27.55	0.00	
236	244	87	7.788	4.48	2.66	3.33	-3.33	-82.64	55.10	
237	249	92	7.821	4.58	2.56	1.52	-1.52	-18.37	9.18	
238	249	92	7.854	4.58	2.56	2.12	-2.73	18.37	-27.55	
239	256	101	7.887	4.72	2.38	2.73	-3.33	-18.37	22.96	
240	258	103	7.920	4.76	2.34	0.91	-1.21	-36.73	41.32	
241	259	105	7.953	4.78	2.30	0.30	-0.61	-18.37	22.96	
242	259	105	7.986	4.78	2.30	-0.30	0.30	-13.77	22.96	
243	258	104	8.019	4.76	2.32	-0.61	0.91	-9.18	18.37	
244	257	102	8.052	4.74	2.36	-0.91	1.52	-13.77	18.37	
245	255	99	8.085	4.70	2.42	-1.52	2.12	-22.96	13.77	
246	252	95	8.118	4.64	2.50	-2.42	2.42	-22.96	13.77	
247	247	91	8.151	4.54	2.58	-3.03	3.03	-13.77	13.77	
248	242	85	8.184	4.44	2.70	-3.33	3.33	-13.77	4.59	
249	236	80	8.217	4.32	2.80	-3.94	3.33	-22.96	0.00	
250	229	74	8.250	4.18	2.92	-4.85	3.33	-27.55	-9.18	
251	220	69	8.283	4.00	3.02	-5.76	2.73	-22.96	-13.77	
252	210	65	8.316	3.80	3.10	-6.36	2.42	-13.77	-13.77	
253	199	61	8.349	3.58	3.18	-6.67	1.82	-9.18	-22.96	
254	188	59	8.382	3.36	3.22	-6.97	0.91	-9.18	-27.55	
255	176	58	8.415	3.12	3.24	-7.27	0.00	-4.59	-22.96	
256	164	59	8.448	2.88	3.22	-7.27	-0.61	0.00	-22.96	
257	152	60	8.481	2.64	3.20	-7.27	-1.52	4.59	-32.14	
258	140	64	8.514	2.40	3.12	-6.97	-2.73	18.37	-22.96	
259	129	69	8.547	2.18	3.02	-6.06	-3.03	22.96	-13.77	
260	120	74	8.580	2.00	2.92	-5.45	-3.64	13.77	-13.77	
261	111	81	8.613	1.82	2.78	-5.15	-3.94	18.37	-4.59	
262	103	87	8.646	1.66	2.66	-4.24	-3.94	27.55	-4.59	
263	97	94	8.679	1.54	2.52	-3.33	-4.24	22.96	0.00	
264	92	101	8.712	1.44	2.38	-2.73	-3.94	18.37	13.77	
265	88	107	8.745	1.36	2.26	-2.12	-3.33	18.37	18.37	
266	85	112	8.778	1.30	2.16	-1.52	-2.73	18.37	18.37	
267	83	116	8.811	1.26	2.08	-0.91	-2.12	18.37	27.55	
268	82	119	8.844	1.24	2.02	-0.30	-0.91	9.18	22.96	
269	82	119	8.877	1.24	2.02	-0.30	-0.61	0.00	0.00	
270	81	121	8.910	1.22	1.98	-0.30	-0.91	4.59	9.18	
271	81	122	8.943	1.22	1.96	0.00	0.00	4.59	18.37	
272	81	121	8.976	1.22	1.98	0.00	0.30	9.18	13.77	
273	81	121	9.009	1.22	1.98	0.61	0.91	27.55	50.51	
274	83	118	9.042	1.26	2.04	1.82	3.64	22.96	50.51	
275	87	109	9.075	1.34	2.22	2.12	4.24	-13.77	-32.14	
276	90	104	9.108	1.40	2.32	0.91	1.52	-13.77	-36.73	
277	90	104	9.141	1.40	2.32	1.21	1.82	27.55	32.14	
278	94	98	9.174	1.48	2.44	2.73	3.64	32.14	32.14	
279	99	92	9.207	1.58	2.56	3.33	3.94	22.96	4.59	
280	105	85	9.240	1.70	2.70	4.24	3.94	22.96	-4.59	
281	113	79	9.273	1.86	2.82	4.85	3.64	18.37	-9.18	
282	121	73	9.306	2.02	2.94	5.45	3.33	18.37	-13.77	
283	131	68	9.339	2.22	3.04	6.06	2.73	18.37	-13.77	
284	141	64	9.372	2.42	3.12	6.67	2.42	18.37	-18.37	
285	153	60	9.405	2.66	3.20	7.27	1.52	9.18	-27.55	
286	165	59	9.438	2.90	3.22	7.27	0.61	-4.59	-22.96	
287	177	58	9.471	3.14	3.24	6.97	0.00	-4.59	-27.55	
288	188	59	9.504	3.36	3.22	6.97	-1.21	0.00	-27.55	
289	200	62	9.537	3.60	3.16	6.97	-1.82	-9.18	-18.37	
290	211	65	9.570	3.82	3.10	6.36	-2.42	-18.37	-18.37	
291	221	70	9.603	4.02	3.00	5.76	-3.03	-22.96	-13.77	
292	230	75	9.636	4.20	2.90	4.85	-3.33	-27.55	-4.59	
293	237	81	9.669	4.34	2.78	3.94	-3.33	-22.96	0.00	
294	243	86	9.702	4.46	2.68	3.33	-3.33	-18.37	4.59	
295	248	92	9.735	4.56	2.56	2.73	-3.03	-18.37	13.77	
296	252	96	9.768	4.64	2.48	2.12	-2.42	-18.37	18.37	
297	255	100	9.801	4.70	2.40	1.52	-1.82	-18.37	18.37	
298	257	102	9.834	4.74	2.36	0.91	-1.21	-18.37	18.37	
299	258	104	9.867	4.76	2.32	0.30	-0.61	-13.77	22.96	
300	258	104	9.900	4.76	2.32	0.00	0.30	-9.18	18.37	
301	258	103	9.933	4.76	2.34	-0.30	0.61	-18.37	18.37	
302	257	102	9.966	4.74	2.36	-1.21	1.52	-22.96	22.96	
303	254	98	9.999	4.68	2.44	-1.82	2.12	-13.77	13.77	
304	251	95	10.032	4.62	2.50	-2.12	2.42	-13.77	13.77	
305	247	90	10.065	4.54	2.60	-2.73	3.03	-18.37	13.77	
306	242	85	10.098	4.44	2.70	-3.33	3.33	-22.96	4.59	
307	236	79	10.131	4.32	2.82	-4.24	3.33	-27.55	-9.18	
308	228	74	10.164	4.16	2.92	-5.15	2.73	-22.96	-9.18	
309	219	70	10.197	3.98	3.00	-5.76	2.73	-13.77	0.00	
310	209	65	10.230	3.78	3.10	-6.06	2.73	-9.18	-13.77	
311	199	61	10.263	3.58	3.18	-6.36	1.82	-13.77	-27.55	
312	188	59	10.296	3.36	3.22	-6.97	0.91	41.32	-22.96	
313	176	58	10.329	3.12	3.24	-3.64	0.30	50.51	-18.37	
314	176	58	10.362	3.12	3.24	-3.64	-0.30	-55.10	-18.37	
315	164	59	10.395	2.88	3.22	-7.27	-0.91	-101.01	-41.32	
316	152	61	10.428	2.64	3.18	-10.30	-3.03	-36.73	-45.91	
317	130	69	10.461	2.20	3.02	-9.70	-3.94	110.19	22.96	
318	120	74	10.494	2.00	2.92	-3.03	-1.52	105.60	32.14	
319	120	74	10.527	2.00	2.92	-2.73	-1.82	-27.55	-36.73	
320	111	80	10.560	1.82	2.80	-4.85	-3.94	-18.37	-32.14	
321	104	87	10.593	1.68	2.66	-3.94	-3.94	45.91	32.14	
322	98	93	10.626	1.56	2.54	-1.82	-1.82	18.37	0.00	
323	98	93	10.659	1.56	2.54	-2.73	-3.94	-27.55	-55.10	
324	89	106	10.692	1.38	2.28	-3.64	-5.45	18.37	18.37	
325	86	111	10.725	1.32	2.18	-1.52	-2.73	41.32	50.51	
326	84	115	10.758	1.28	2.10	-0.91	-2.12	13.77	18.37	
327	83	118	10.791	1.26	2.04	-0.61	-1.52	4.59	18.37	
328	82	120	10.824	1.24	2.00	-0.61	-0.91	4.59	18.37	
329	81	121	10.857	1.22	1.98	-0.30	-0.30	13.77	18.37	
330	81	121	10.890	1.22	1.98	0.30	0.30	13.77	22.96	
331	82	120	10.923	1.24	2.00	0.61	1.21	9.18	27.55	
332	83	117	10.956	1.26	2.06	0.91	2.12	9.18	18.37	
333	85	113	10.989	1.30	2.14	1.21	2.42	9.18	9.18	
334	87	109	11.022	1.34	2.22	1.52	2.73	13.77	13.77	
335	90	104	11.055	1.40	2.32	2.12	3.33	18.37	13.77	
336	94	98	11.088	1.48	2.44	2.73	3.64	22.96	9.18	
337	99	92	11.121	1.58	2.56	3.64	3.94	22.96	4.59	
338	106	85	11.154	1.72	2.70	4.24	3.94	13.77	-4.59	
339	113	79	11.187	1.86	2.82	4.55	3.64	18.37	-9.18	
340	121	73	11.220	2.02	2.94	5.45	3.33	22.96	-13.77	
341	131	68	11.253	2.22	3.04	6.06	2.73	18.37	-13.77	
342	141	64	11.286	2.42	3.12	6.67	2.42	13.77	-13.77	
343	153	60	11.319	2.66	3.20	6.97	1.82	4.59	-27.55	
344	164	58	11.352	2.88	3.24	6.97	0.61	4.59	-32.14	
345	176	58	11.385	3.12	3.24	7.27	-0.30	0.00	-22.96	
346	188	59	11.418	3.36	3.22	6.97	-0.91	-9.18	-22.96	
347	199	61	11.451	3.58	3.18	6.67	-1.82	-9.18	-22.96	
348	210	65	11.484	3.80	3.10	6.36	-2.42	-13.77	-18.37	
349	220	69	11.517	4.00	3.02	5.76	-3.03	-22.96	-13.77	
350	229	75	11.550	4.18	2.90	4.85	-3.33	-27.55	-4.59	
351	236	80	11.583	4.32	2.80	3.94	-3.33	-18.37	4.59	
352	242	86	11.616	4.44	2.68	3.64	-3.03	-13.77	9.18	
353	248	90	11.649	4.56	2.60	3.03	-2.73	-36.73	22.96	
354	252	95	11.682	4.64	2.50	1.21	-1.52	-32.14	22.96	
355	252	95	11.715	4.64	2.50	0.91	-1.21	-4.59	4.59	
356	255	99	11.748	4.70	2.42	0.91	-1.21	-4.59	0.00	
357	255	99	11.781	4.70	2.42	0.61	-1.21	-4.59	0.00	
358	257	103	11.814	4.74	2.34	0.61	-1.21	-9.18	18.37	
359	257	103	11.847	4.74	2.34	0.00	0.00	-9.18	18.37	
360	257	103	11.880	4.74	2.34	0.00	0.00	-13.77	22.96	
361	257	103	11.913	4.74	2.34	-0.91	1.52	-27.55	41.32	
362	254	98	11.946	4.68	2.44	-1.82	2.73	-22.96	18.37	
363	251	94	11.979	4.62	2.52	-2.42	2.73	4.59	-18.37	
364	246	89	12.012	4.52	2.62	-1.52	1.52	-13.77	4.59	
365	246	89	12.045	4.52	2.62	-3.33	3.03	-59.69	45.91	
366	235	79	12.078	4.30	2.82	-5.45	4.55	-22.96	0.00	
367	228	74	12.111	4.16	2.92	-4.85	3.03	0.00	-27.55	
368	219	69	12.144	3.98	3.02	-5.45	2.73	-18.37	-13.77	
369	210	65	12.177	3.80	3.10	-6.06	2.12	-18.37	-13.77	
370	199	62	12.210	3.58	3.16	-6.67	1.82	-13.77	-13.77	
371	188	59	12.243	3.36	3.22	-6.97	1.21	-9.18	-27.55	
372	176	58	12.276	3.12	3.24	-7.27	0.00	0.00	-27.55	
373	164	59	12.309	2.88	3.22	-6.97	-0.61	4.59	-22.96	
374	153	60	12.342	2.66	3.20	-6.97	-1.52	4.59	-27.55	
375	141	64	12.375	2.42	3.12	-6.67	-2.42	13.77	-22.96	
376	131	68	12.408	2.22	3.04	-6.06	-3.03	13.77	-13.77	
377	121	74	12.441	2.02	2.92	-5.76	-3.33	18.37	-9.18	
378	112	79	12.474	1.84	2.82	-4.85	-3.64	27.55	-9.18	
379	105	86	12.507	1.70	2.68	-3.94	-3.94	22.96	-4.59	
380	99	92	12.540	1.58	2.56	-3.33	-3.94	18.37	0.00	
381	94	99	12.573	1.48	2.42	-2.73	-3.94	13.77	9.18	
382	90	105	12.606	1.40	2.30	-2.42	-3.33	13.77	18.37	
383	86	110	12.639	1.32	2.20	-1.82	-2.73	22.96	18.37	
384	84	114	12.672	1.28	2.12	-0.91	-2.12	18.37	18.37	
385	83	117	12.705	1.26	2.06	-0.61	-1.52	9.18	18.37	
386	82	119	12.738	1.24	2.02	-0.30	-0.91	9.18	18.37	
387	82	120	12.771	1.24	2.00	0.00	-0.30	4.59	22.96	
388	82	120	12.804	1.24	2.00	0.00	0.61	4.59	22.96	
389	82	118	12.837	1.24	2.04	0.30	1.21	13.77	18.37	
390	83	116	12.870	1.26	2.08	0.91	1.82	13.77	18.37	
391	85	112	12.903	1.30	2.16	1.21	2.42	13.77	13.77	
392	87	108	12.936	1.34	2.24	1.82	2.73	18.37	13.77	
393	91	103	12.969	1.42	2.34	2.42	3.33	13.77	13.77	
394	95	97	13.002	1.50	2.46	2.73	3.64	-13.77	-22.96	
395	100	91	13.035	1.60	2.58	1.52	1.82	-13.77	-27.55	
396	100	91	13.068	1.60	2.58	1.82	1.82	78.05	55.10	
397	106	85	13.101	1.72	2.70	6.67	5.45	87.24	50.51	
398	122	73	13.134	2.04	2.94	7.58	5.15	-13.77	-41.32	
399	131	68	13.167	2.22	3.04	5.76	2.73	-18.37	-41.32	
400	141	64	13.200	2.42	3.12	6.36	2.42	18.37	-18.37	
401	152	60	13.233	2.64	3.20	6.97	1.52	-41.32	-32.14	
402	164	59	13.266	2.88	3.22	3.64	0.30	-55.10	-18.37	
403	164	59	13.299	2.88	3.22	3.33	0.30	50.51	-4.59	
404	175	58	13.332	3.10	3.24	6.97	0.00	59.69	-18.37	
405	187	59	13.365	3.34	3.22	7.27	-0.91	-4.59	-27.55	
406	199	61	13.398	3.58	3.18	6.67	-1.82	-18.37	-22.96	
407	209	65	13.431	3.78	3.10	6.06	-2.42	-13.77	-13.77	
408	219	69	13.464	3.98	3.02	5.76	-2.73	-18.37	-9.18	
409	228	74	13.497	4.16	2.92	4.85	-3.03	-22.96	-9.18	
410	235	79	13.530	4.30	2.82	4.24	-3.33	-18.37	-4.59	
411	242	85	13.563	4.44	2.70	3.64	-3.33	-22.96	9.18	
412	247	90	13.596	4.54	2.60	2.73	-2.73	-22.96	13.77	
413	251	94	13.629	4.62	2.52	2.12	-2.42	-18.37	13.77	
414	254	98	13.662	4.68	2.44	1.52	-1.82	-18.37	18.37	
415	256	100	13.695	4.72	2.40	0.91	-1.21	-18.37	18.37	
416	257	102	13.728	4.74	2.36	0.30	-0.61	-13.77	18.37	
417	257	102	13.761	4.74	2.36	0.00	0.00	-13.77	18.37	
418	257	102	13.794	4.74	2.36	-0.61	0.61	-18.37	22.96	
419	255	100	13.827	4.70	2.40	-1.21	1.52	-13.77	22.96	
420	253	97	13.860	4.66	2.46	-1.52	2.12	-13.77	13.77	
421	250	93	13.893	4.60	2.54	-2.12	2.42	-18.37	9.18	
422	246	89	13.926	4.52	2.62	-2.73	2.73	-18.37	9.18	
423	241	84	13.959	4.42	2.72	-3.33	3.03	-22.96	4.59	
424	235	79	13.992	4.30	2.82	-4.24	3.03	-22.96	0.00	
425	227	74	14.025	4.14	2.92	-4.85	3.03	-13.77	-4.59	
426	219	69	14.058	3.98	3.02	-5.15	2.73	-18.37	-9.18	
427	210	65	14.091	3.80	3.10	-6.06	2.42	-22.96	-13.77	
428	199	61	14.124	3.58	3.18	-6.67	1.82	-9.18	-22.96	
429	188	59	14.157	3.36	3.22	-6.67	0.91	-4.59	-22.96	
430	177	58	14.190	3.14	3.24	-6.97	0.30	-9.18	-22.96	
431	165	58	14.223	2.90	3.24	-7.27	-0.61	0.00	-27.55	
432	153	60	14.256	2.66	3.20	-6.97	-1.52	9.18	-27.55	
433	142	63	14.289	2.44	3.14	-6.67	-2.42	13.77	-22.96	
434	131	68	14.322	2.22	3.04	-6.06	-3.03	18.37	-13.77	
435	122	73	14.355	2.04	2.94	-5.45	-3.33	18.37	-9.18	
436	113	79	14.388	1.86	2.82	-4.85	-3.64	18.37	-9.18	
437	106	85	14.421	1.72	2.70	-4.24	-3.94	18.37	-4.59	
438	99	92	14.454	1.58	2.56	-3.64	-3.94	22.96	4.59	
439	94	98	14.487	1.48	2.44	-2.73	-3.64	22.96	13.77	
440	90	104	14.520	1.40	2.32	-2.12	-3.03	18.37	13.77	
441	87	108	14.553	1.34	2.24	-1.52	-2.73	18.37	9.18	
442	85	113	14.586	1.30	2.14	-0.91	-2.42	13.77	18.37	
443	84	116	14.619	1.28	2.08	-0.61	-1.52	4.59	22.96	
444	83	118	14.652	1.26	2.04	-0.61	-0.91	4.59	18.37	
445	82	119	14.685	1.24	2.02	-0.30	-0.30	9.18	13.77	
446	82	119	14.718	1.24	2.02	0.00	0.00	9.18	9.18	
447	82	119	14.751	1.24	2.02	0.30	0.30	4.59	4.59	
448	83	118	14.784	1.26	2.04	0.30	0.30	9.18	22.96	
449	83	118	14.817	1.26	2.04	0.91	1.82	18.37	45.91	
450	86	112	14.850	1.32	2.16	1.52	3.33	9.18	18.37	
451	88	107	14.883	1.36	2.26	1.52	3.03	9.18	-4.59	
452	91	102	14.916	1.42	2.36	2.12	3.03	18.37	4.59	
453	95	97	14.949	1.50	2.46	2.73	3.33	18.37	9.18	
454	100	91	14.982	1.60	2.58	3.33	3.64	18.37	4.59	
455	106	85	15.015	1.72	2.70	3.94	3.64	22.96	0.00	
456	113	79	15.048	1.86	2.82	4.85	3.64	22.96	-4.59	
457	122	73	15.081	2.04	2.94	5.45	3.33	13.77	-13.77	
458	131	68	15.114	2.22	3.04	5.76	2.73	13.77	-13.77	
459	141	64	15.147	2.42	3.12	6.36	2.42	13.77	-18.37	
460	152	60	15.180	2.64	3.20	6.67	1.52	9.18	-27.55	
461	163	59	15.213	2.86	3.22	6.97	0.61	4.59	-22.96	
462	175	58	15.246	3.10	3.24	6.97	0.00	0.00	-22.96	
463	186	59	15.279	3.32	3.22	6.97	-0.91	-4.59	-22.96	
464	198	61	15.312	3.56	3.18	6.67	-1.52	-13.77	-22.96	
465	208	64	15.345	3.76	3.12	6.06	-2.42	-13.77	-18.37	
466	218	69	15.378	3.96	3.02	5.76	-2.73	-18.37	-9.18	
467	227	73	15.411	4.14	2.94	4.85	-3.03	-27.55	-9.18	
468	234	79	15.444	4.28	2.82	3.94	-3.33	-18.37	0.00	
469	240	84	15.477	4.40	2.72	3.64	-3.03	-13.77	9.18	
470	246	89	15.510	4.52	2.62	3.03	-2.73	-22.96	9.18	
471	250	93	15.543	4.60	2.54	2.12	-2.42	-22.96	13.77	
472	253	97	15.576	4.66	2.46	1.52	-1.82	-18.37	18.37	
473	255	99	15.609	4.70	2.42	0.91	-1.21	-18.37	18.37	
474	256	101	15.642	4.72	2.38	0.30	-0.61	-13.77	18.37	
475	256	101	15.675	4.72	2.38	0.00	0.00	-9.18	18.37	
476	256	101	15.708	4.72	2.38	-0.30	0.61	-13.77	22.96	
477	255	99	15.741	4.70	2.42	-0.91	1.52	-18.37	18.37	
478	253	96	15.774	4.66	2.48	-1.52	1.82	-22.96	13.77	
479	250	93	15.807	4.60	2.54	-2.42	2.42	-18.37	13.77	
480	245	88	15.840	4.50	2.64	-2.73	2.73	-13.77	4.59	
481	241	84	15.873	4.42	2.72	-3.33	2.73	-22.96	4.59	
482	234	79	15.906	4.28	2.82	-4.24	3.03	18.37	-18.37	
483	227	74	15.939	4.14	2.92	-2.12	1.52	27.55	-22.96	
484	227	74	15.972	4.14	2.92	-2.42	1.52	-91.83	36.73	
485	219	69	16.005	3.98	3.02	-8.18	3.94	-101.01	22.96	
486	200	61	16.038	3.60	3.18	-9.09	3.03	73.46	-50.51	
487	189	59	16.071	3.38	3.22	-3.33	0.61	82.64	-41.32	
488	189	59	16.104	3.38	3.22	-3.64	0.30	-55.10	-4.59	
489	177	58	16.137	3.14	3.24	-6.97	0.30	-101.01	-27.55	
490	166	58	16.170	2.92	3.24	-10.30	-1.52	0.00	-27.55	
491	143	63	16.203	2.46	3.14	-6.97	-1.52	105.60	4.59	
492	143	63	16.236	2.46	3.14	-3.33	-1.21	13.77	-18.37	
493	132	67	16.269	2.24	3.06	-6.06	-2.73	-32.14	-32.14	
494	123	72	16.302	2.06	2.96	-5.45	-3.33	13.77	-13.77	
495	114	78	16.335	1.88	2.84	-5.15	-3.64	18.37	-4.59	
496	106	84	16.368	1.72	2.72	-4.24	-3.64	27.55	-4.59	
497	100	90	16.401	1.60	2.60	-3.33	-3.94	22.96	0.00	
498	95	97	16.434	1.50	2.46	-2.73	-3.64	18.37	9.18	
499	91	102	16.467	1.42	2.36	-2.12	-3.33	18.37	13.77	
500	88	108	16.500	1.36	2.24	-1.52	-2.73	13.77	18.37	
501	86	111	16.533	1.32	2.18	-1.21	-2.12	9.18	13.77	
502	84	115	16.566	1.28	2.10	-0.91	-1.82	13.77	18.37	
503	83	117	16.599	1.26	2.06	-0.30	-0.91	13.77	22.96	
504	83	118	16.632	1.26	2.04	0.00	-0.30	4.59	22.96	
505	83	118	16.665	1.26	2.04	0.00	0.61	4.59	22.96	
506	83	116	16.698	1.26	2.08	0.30	1.21	13.77	13.77	
507	84	114	16.731	1.28	2.12	0.91	1.52	13.77	13.77	
508	86	111	16.764	1.32	2.18	1.21	2.12	9.18	18.37	
509	88	107	16.797	1.36	2.26	1.52	2.73	13.77	18.37	
510	91	102	16.830	1.42	2.36	2.12	3.33	18.37	9.18	
511	95	96	16.863	1.50	2.48	2.73	3.33	18.37	4.59	
512	100	91	16.896	1.60	2.58	3.33	3.64	18.37	4.59	
513	106	84	16.929	1.72	2.72	3.94	3.64	22.96	-4.59	
514	113	79	16.962	1.86	2.82	4.85	3.33	22.96	-4.59	
515	122	73	16.995	2.04	2.94	5.45	3.33	13.77	-9.18	
516	131	68	17.028	2.22	3.04	5.76	2.73	9.18	-13.77	
517	141	64	17.061	2.42	3.12	6.06	2.42	13.77	-13.77	
518	151	60	17.094	2.62	3.20	6.67	1.82	13.77	-27.55	
519	163	58	17.127	2.86	3.24	6.97	0.61	4.59	-32.14	
520	174	58	17.160	3.08	3.24	6.97	-0.30	0.00	-18.37	
521	186	59	17.193	3.32	3.22	6.97	-0.61	-9.18	-18.37	
522	197	60	17.226	3.54	3.20	6.36	-1.52	-13.77	-27.55	
523	207	64	17.259	3.74	3.12	6.06	-2.42	-9.18	-18.37	
524	217	68	17.292	3.94	3.04	5.76	-2.73	-18.37	-9.18	
525	226	73	17.325	4.12	2.94	4.85	-3.03	-27.55	-4.59	
526	233	78	17.358	4.26	2.84	3.94	-3.03	-45.91	22.96	
527	239	83	17.391	4.38	2.74	1.82	-1.52	-32.14	27.55	
528	239	83	17.424	4.38	2.74	1.82	-1.21	18.37	-18.37	
529	245	87	17.457	4.50	2.66	3.03	-2.73	4.59	-18.37	
530	249	92	17.490	4.58	2.56	2.12	-2.42	-22.96	13.77	
531	252	95	17.523	4.64	2.50	1.52	-1.82	-18.37	13.77	
532	254	98	17.556	4.68	2.44	0.91	-1.52	-18.37	18.37	
533	255	100	17.589	4.70	2.40	0.30	-0.61	-13.77	27.55	
534	255	100	17.622	4.70	2.40	0.00	0.30	-9.18	18.37	
535	255	99	17.655	4.70	2.42	-0.30	0.61	-13.77	9.18	
536	254	98	17.688	4.68	2.44	-0.91	0.91	-18.37	18.37	
537	252	96	17.721	4.64	2.48	-1.52	1.82	-18.37	22.96	
538	249	92	17.754	4.58	2.56	-2.12	2.42	-18.37	13.77	
539	245	88	17.787	4.50	2.64	-2.73	2.73	-18.37	9.18	
540	240	83	17.820	4.40	2.74	-3.33	3.03	-18.37	4.59	
541	234	78	17.853	4.28	2.84	-3.94	3.03	-18.37	-4.59	
542	227	73	17.886	4.14	2.94	-4.55	2.73	-18.37	-9.18	
543	219	69	17.919	3.98	3.02	-5.15	2.42	-18.37	-4.59	
544	210	65	17.952	3.80	3.10	-5.76	2.42	-18.37	-9.18	
545	200	61	17.985	3.60	3.18	-6.36	1.82	-13.77	-22.96	
546	189	59	18.018	3.38	3.22	-6.67	0.91	-4.59	-22.96	
547	178	58	18.051	3.16	3.24	-6.67	0.30	-4.59	-22.96	
548	167	58	18.084	2.94	3.24	-6.97	-0.61	-4.59	-27.55	
549	155	60	18.117	2.70	3.20	-6.97	-1.52	4.59	-22.96	
550	144	63	18.150	2.48	3.14	-6.67	-2.12	13.77	-13.77	
551	133	67	18.183	2.26	3.06	-6.06	-2.42	18.37	-13.77	
552	124	71	18.216	2.08	2.98	-5.45	-3.03	18.37	-18.37	
553	115	77	18.249	1.90	2.86	-4.85	-3.64	18.37	-13.77	
554	108	83	18.282	1.76	2.74	-4.24	-3.94	18.37	0.00	
555	101	90	18.315	1.62	2.60	-3.64	-3.64	22.96	9.18	
556	96	95	18.348	1.52	2.50	-2.73	-3.33	22.96	4.59	
557	92	101	18.381	1.44	2.38	-2.12	-3.33	13.77	9.18	
558	89	106	18.414	1.38	2.28	-1.82	-2.73	13.77	18.37	
559	86	110	18.447	1.32	2.20	-1.21	-2.12	18.37	13.77	
560	85	113	18.480	1.30	2.14	-0.61	-1.82	9.18	13.77	
561	84	116	18.513	1.28	2.08	-0.61	-1.21	4.59	27.55	
562	83	117	18.546	1.26	2.06	-0.30	0.00	13.77	27.55	
563	83	116	18.579	1.26	2.08	0.30	0.61	13.77	13.77	
564	84	115	18.612	1.28	2.10	0.61	0.91	4.59	13.77	
565	85	113	18.645	1.30	2.14	0.61	1.52	9.18	18.37	
566	86	110	18.678	1.32	2.20	1.21	2.12	18.37	18.37	
567	89	106	18.711	1.38	2.28	1.82	2.73	13.77	13.77	
568	92	101	18.744	1.44	2.38	2.12	3.03	-9.18	-18.37	
569	96	96	18.777	1.52	2.48	1.21	1.52	-13.77	-18.37	
570	96	96	18.810	1.52	2.48	1.21	1.82	59.69	55.10	
571	100	90	18.843	1.60	2.60	5.15	5.15	41.32	22.96	
572	113	79	18.876	1.86	2.82	3.94	3.33	-41.32	-50.51	
573	113	79	18.909	1.86	2.82	2.42	1.82	18.37	0.00	
574	121	73	18.942	2.02	2.94	5.15	3.33	4.59	-4.59	
575	130	68	18.975	2.20	3.04	2.73	1.52	18.37	-18.37	
576	130	68	19.008	2.20	3.04	6.36	2.12	105.60	18.37	
577	151	61	19.041	2.62	3.18	9.70	2.73	4.59	-18.37	
578	162	59	19.074	2.84	3.22	6.67	0.91	-41.32	-36.73	
579	173	58	19.107	3.06	3.24	6.97	0.30	4.59	-27.55	
580	185	58	19.140	3.30	3.24	6.97	-0.91	-9.18	-27.55	
581	196	61	19.173	3.52	3.18	6.36	-1.52	-13.77	-18.37	
582	206	63	19.206	3.72	3.14	6.06	-2.12	-9.18	-18.37	
583	216	68	19.239	3.92	3.04	5.76	-2.73	-18.37	-9.18	
584	225	72	19.272	4.10	2.96	4.85	-2.73	-27.55	-4.59	
585	232	77	19.305	4.24	2.86	3.94	-3.03	-18.37	-4.59	
586	238	82	19.338	4.36	2.76	3.64	-3.03	-13.77	4.59	
587	244	87	19.371	4.48	2.66	3.03	-2.73	-22.96	13.77	
588	248	91	19.404	4.56	2.58	2.12	-2.12	-22.96	13.77	
589	251	94	19.437	4.62	2.52	1.52	-1.82	-18.37	9.18	
590	253	97	19.470	4.66	2.46	0.91	-1.52	-13.77	18.37	
591	254	99	19.503	4.68	2.42	0.61	-0.61	-13.77	22.96	
592	255	99	19.536	4.70	2.42	0.00	0.00	-18.37	18.37	
593	254	99	19.569	4.68	2.42	-0.61	0.61	-13.77	18.37	
594	253	97	19.602	4.66	2.46	-0.91	1.21	-9.18	18.37	
595	251	95	19.635	4.62	2.50	-1.21	1.82	-13.77	13.77	
596	249	91	19.668	4.58	2.58	-1.82	2.12	-22.96	9.18	
597	245	88	19.701	4.50	2.64	-2.73	2.42	-22.96	13.77	
598	240	83	19.734	4.40	2.74	-3.33	3.03	-18.37	9.18	
599	234	78	19.767	4.28	2.84	-3.94	3.03	-18.37	-4.59	
600	227	73	19.800	4.14	2.94	-4.55	2.73	-18.37	-9.18	
601	219	69	19.833	3.98	3.02	-5.15	2.42	-18.37	-4.59	
602	210	65	19.866	3.80	3.10	-5.76	2.42	-18.37	-9.18	
603	200	61	19.899	3.60	3.18	-6.36	1.82	-13.77	-22.96	
604	189	59	19.932	3.38	3.22	-6.67	0.91	-4.59	-22.96	
605	178	58	19.965	3.16	3.24	-6.67	0.30	0.00	-22.96	
606	167	58	19.998	2.94	3.24	-6.67	-0.61	0.00	-22.96	
607	156	60	20.031	2.72	3.20	-6.67	-1.21	0.00	-18.37	
608	145	62	20.064	2.50	3.16	-6.67	-1.82	9.18	-22.96	
609	134	66	20.097	2.28	3.08	-6.06	-2.73	59.69	4.59	
610	125	71	20.130	2.10	2.98	-2.73	-1.52	50.51	13.77	
611	125	71	20.163	2.10	2.98	-2.73	-1.82	-64.28	-55.10	
612	116	77	20.196	1.92	2.86	-6.97	-5.15	-45.91	-50.51	
613	102	88	20.229	1.64	2.64	-5.76	-5.15	82.64	50.51	
614	97	94	20.262	1.54	2.52	-1.52	-1.82	68.87	50.51	
615	97	94	20.295	1.54	2.52	-1.21	-1.82	-13.77	-22.96	
616	93	100	20.328	1.46	2.40	-2.42	-3.33	0.00	4.59	
617	89	105	20.361	1.38	2.30	-1.21	-1.52	18.37	18.37	
618	89	105	20.394	1.38	2.30	-1.21	-2.12	-4.59	-18.37	
619	85	112	20.427	1.30	2.16	-1.52	-2.73	13.77	13.77	
620	84	114	20.460	1.28	2.12	-0.30	-1.21			
621	84	116	20.493	1.28	2.08					
