0	74	157	0.000	1.08	1.26					
1	75	148	0.033	1.10	1.44	0.91	6.06			
2	77	137	0.066	1.14	1.66	1.52	6.97	22.96	18.37	
3	80	125	0.099	1.20	1.90	2.42	7.27	32.14	4.59	
4	85	113	0.132	1.30	2.14	3.64	7.27	45.91	0.00	
5	92	101	0.165	1.44	2.38	5.45	7.27	45.91	-4.59	
6	103	89	0.198	1.66	2.62	6.67	6.97	32.14	-18.37	
7	114	78	0.231	1.88	2.84	7.58	6.06	41.32	-32.14	
8	128	69	0.264	2.16	3.02	9.39	4.85	45.91	-45.91	
9	145	62	0.297	2.50	3.16	10.61	3.03	22.96	-55.10	
10	163	59	0.330	2.86	3.22	10.91	1.21	9.18	-59.69	
11	181	58	0.363	3.22	3.24	11.21	-0.91	0.00	-64.28	
12	200	62	0.396	3.60	3.16	10.91	-3.03	-22.96	-55.10	
13	217	68	0.429	3.94	3.04	9.70	-4.55	-36.73	-45.91	
14	232	77	0.462	4.24	2.86	8.48	-6.06	-36.73	-41.32	
15	245	88	0.495	4.50	2.64	7.27	-7.27	-45.91	-22.96	
16	256	101	0.528	4.72	2.38	5.45	-7.58	-50.51	0.00	
17	263	113	0.561	4.86	2.14	3.94	-7.27	-41.32	9.18	
18	269	125	0.594	4.98	1.90	2.73	-6.97	-36.73	18.37	
19	272	136	0.627	5.04	1.68	1.52	-6.06	-32.14	32.14	
20	274	145	0.660	5.08	1.50	0.61	-4.85	-22.96	36.73	
21	274	152	0.693	5.08	1.36	0.00	-3.64	-9.18	41.32	
22	274	157	0.726	5.08	1.26	0.00	-2.12	0.00	45.91	
23	274	159	0.759	5.08	1.22	0.00	-0.61	0.00	27.55	
24	274	159	0.792	5.08	1.22	0.00	-0.30	0.00	18.37	
25	274	160	0.825	5.08	1.20	0.00	0.61	0.00	36.73	
26	274	157	0.858	5.08	1.26	0.00	2.12	0.00	9.18	
27	274	153	0.891	5.08	1.34	0.00	1.21	-4.59	32.14	
28	274	153	0.924	5.08	1.34	-0.30	4.24	-18.37	87.24	
29	273	139	0.957	5.06	1.62	-1.21	6.97	-27.55	27.55	
30	270	130	0.990	5.00	1.80	-2.12	6.06	-27.55	0.00	
31	266	119	1.023	4.92	2.02	-3.03	6.97	-32.14	13.77	
32	260	107	1.056	4.80	2.26	-4.24	6.97	-41.32	-4.59	
33	252	96	1.089	4.64	2.48	-5.76	6.67	-41.32	-9.18	
34	241	85	1.122	4.42	2.70	-6.97	6.36	-36.73	-18.37	
35	229	75	1.155	4.18	2.90	-8.18	5.45	-41.32	-32.14	
36	214	67	1.188	3.88	3.06	-9.70	4.24	-32.14	-41.32	
37	197	61	1.221	3.54	3.18	-10.30	2.73	-18.37	-55.10	
38	180	58	1.254	3.20	3.24	-10.91	0.61	-13.77	-64.28	
39	161	59	1.287	2.82	3.22	-11.21	-1.52	4.59	-59.69	
40	143	63	1.320	2.46	3.14	-10.61	-3.33	22.96	-55.10	
41	126	70	1.353	2.12	3.00	-9.70	-5.15	36.73	-50.51	
42	111	80	1.386	1.82	2.80	-8.18	-6.67	45.91	-36.73	
43	99	92	1.419	1.58	2.56	-6.67	-7.58	45.91	-22.96	
44	89	105	1.452	1.38	2.30	-5.15	-8.18	50.51	-9.18	
45	82	119	1.485	1.24	2.02	-3.33	-8.18	50.51	9.18	
46	78	132	1.518	1.16	1.76	-1.82	-7.58	36.73	22.96	
47	76	144	1.551	1.12	1.52	-0.91	-6.67	22.96	27.55	
48	75	154	1.584	1.10	1.32	-0.30	-5.76	13.77	32.14	
49	75	163	1.617	1.10	1.14	0.00	-4.55	9.18	36.73	
50	75	169	1.650	1.10	1.02	0.30	-3.33	9.18	32.14	
51	76	174	1.683	1.12	0.92	0.61	-2.42	0.00	36.73	
52	77	177	1.716	1.14	0.86	0.30	-0.91	-9.18	41.32	
53	77	177	1.749	1.14	0.86	0.00	0.30	-9.18	32.14	
54	77	176	1.782	1.14	0.88	-0.30	1.21	-9.18	32.14	
55	76	173	1.815	1.12	0.94	-0.61	2.42	0.00	36.73	
56	75	168	1.848	1.10	1.04	-0.30	3.64	9.18	32.14	
57	75	161	1.881	1.10	1.18	0.00	4.55	9.18	27.55	
58	75	153	1.914	1.10	1.34	0.30	5.45	13.77	27.55	
59	76	143	1.947	1.12	1.54	0.91	6.36	22.96	22.96	
60	78	132	1.980	1.16	1.76	1.82	6.97	32.14	13.77	
61	82	120	2.013	1.24	2.00	3.03	7.27	0.00	-50.51	
62	88	108	2.046	1.36	2.24	1.82	3.64	-9.18	-55.10	
63	88	108	2.079	1.36	2.24	2.42	3.64	114.78	101.01	
64	96	96	2.112	1.52	2.48	9.39	10.30	68.87	45.91	
65	119	74	2.145	1.98	2.92	6.97	6.67	-73.46	-123.97	
66	119	74	2.178	1.98	2.92	4.55	2.12	41.32	-41.32	
67	134	67	2.211	2.28	3.06	9.70	3.94	91.83	9.18	
68	151	61	2.244	2.62	3.18	10.61	2.73	-64.28	-45.91	
69	169	58	2.277	2.98	3.24	5.45	0.91	4.59	-64.28	
70	169	58	2.310	2.98	3.24	10.91	-1.52	160.70	-68.87	
71	205	63	2.343	3.70	3.14	16.06	-3.64	-18.37	-55.10	
72	222	70	2.376	4.04	3.00	9.70	-5.15	-119.38	-45.91	
73	237	80	2.409	4.34	2.80	8.18	-6.67	-50.51	-32.14	
74	249	92	2.442	4.58	2.56	6.36	-7.27	-50.51	-13.77	
75	258	104	2.475	4.76	2.32	4.85	-7.58	-41.32	-4.59	
76	265	117	2.508	4.90	2.06	3.64	-7.58	-41.32	13.77	
77	270	129	2.541	5.00	1.82	2.12	-6.67	-36.73	32.14	
78	272	139	2.574	5.04	1.62	1.21	-5.45	-22.96	36.73	
79	274	147	2.607	5.08	1.46	0.61	-4.24	-18.37	36.73	
80	274	153	2.640	5.08	1.34	0.00	-3.03	-9.18	41.32	
81	274	157	2.673	5.08	1.26	0.00	-1.52	4.59	41.32	
82	274	158	2.706	5.08	1.24	0.30	-0.30	0.00	36.73	
83	275	158	2.739	5.10	1.24	0.00	0.91	-9.18	41.32	
84	274	155	2.772	5.08	1.30	-0.30	2.42	-4.59	41.32	
85	274	150	2.805	5.08	1.40	-0.30	3.64	-4.59	32.14	
86	273	143	2.838	5.06	1.54	-0.61	4.55	-13.77	27.55	
87	272	135	2.871	5.04	1.70	-1.21	5.45	-27.55	27.55	
88	269	125	2.904	4.98	1.90	-2.42	6.36	-36.73	18.37	
89	264	114	2.937	4.88	2.12	-3.64	6.67	-36.73	9.18	
90	257	103	2.970	4.74	2.34	-4.85	6.97	-36.73	0.00	
91	248	91	3.003	4.56	2.58	-6.06	6.67	-36.73	-13.77	
92	237	81	3.036	4.34	2.78	-7.27	6.06	-41.32	-22.96	
93	224	71	3.069	4.08	2.98	-8.79	5.15	-41.32	-36.73	
94	208	64	3.102	3.76	3.12	-10.00	3.64	-27.55	-50.51	
95	191	59	3.135	3.42	3.22	-10.61	1.82	-13.77	-59.69	
96	173	58	3.168	3.06	3.24	-10.91	-0.30	-4.59	-59.69	
97	155	60	3.201	2.70	3.20	-10.91	-2.12	9.18	-55.10	
98	137	65	3.234	2.34	3.10	-10.30	-3.94	27.55	-55.10	
99	121	73	3.267	2.02	2.94	-9.09	-5.76	41.32	-45.91	
100	107	84	3.300	1.74	2.72	-7.58	-6.97	45.91	-32.14	
101	96	96	3.333	1.52	2.48	-6.06	-7.88	45.91	-18.37	
102	87	110	3.366	1.34	2.20	-4.55	-8.18	45.91	4.59	
103	81	123	3.399	1.22	1.94	-3.03	-7.58	41.32	13.77	
104	77	135	3.432	1.14	1.70	-1.82	-7.27	36.73	18.37	
105	75	147	3.465	1.10	1.46	-0.61	-6.36	27.55	32.14	
106	75	156	3.498	1.10	1.28	0.00	-5.15	9.18	59.69	
107	75	164	3.531	1.10	1.12	0.00	-2.42	4.59	50.51	
108	75	164	3.564	1.10	1.12	0.30	-1.82	4.59	-9.18	
109	76	170	3.597	1.12	1.00	0.30	-3.03	-4.59	0.00	
110	76	174	3.630	1.12	0.92	0.00	-1.82	-4.59	36.73	
111	76	176	3.663	1.12	0.88	0.00	-0.61	0.00	36.73	
112	76	176	3.696	1.12	0.88	0.00	0.61	0.00	36.73	
113	76	174	3.729	1.12	0.92	0.00	1.82	-4.59	32.14	
114	76	170	3.762	1.12	1.00	-0.30	2.73	-4.59	32.14	
115	75	165	3.795	1.10	1.10	-0.30	3.94	4.59	36.73	
116	75	157	3.828	1.10	1.26	0.00	5.15	9.18	27.55	
117	75	148	3.861	1.10	1.44	0.30	5.76	18.37	18.37	
118	76	138	3.894	1.12	1.64	1.21	6.36	32.14	18.37	
119	79	127	3.927	1.18	1.86	2.42	6.97	36.73	13.77	
120	84	115	3.960	1.28	2.10	3.64	7.27	36.73	4.59	
121	91	103	3.993	1.42	2.34	4.85	7.27	36.73	-4.59	
122	100	91	4.026	1.60	2.58	6.06	6.97	41.32	-18.37	
123	111	80	4.059	1.82	2.80	7.58	6.06	41.32	-32.14	
124	125	71	4.092	2.10	2.98	8.79	4.85	32.14	-41.32	
125	140	64	4.125	2.40	3.12	9.70	3.33	32.14	-45.91	
126	157	60	4.158	2.74	3.20	10.91	1.82	18.37	-50.51	
127	176	58	4.191	3.12	3.24	10.91	0.00	-4.59	-59.69	
128	193	60	4.224	3.46	3.20	10.61	-2.12	-9.18	-59.69	
129	211	65	4.257	3.82	3.10	10.30	-3.94	-22.96	-55.10	
130	227	73	4.290	4.14	2.94	9.09	-5.76	-41.32	-45.91	
131	241	84	4.323	4.42	2.72	7.58	-6.97	-50.51	-22.96	
132	252	96	4.356	4.64	2.48	5.76	-7.27	-45.91	-4.59	
133	260	108	4.389	4.80	2.24	4.55	-7.27	-36.73	4.59	
134	267	120	4.422	4.94	2.00	3.33	-6.97	-41.32	13.77	
135	271	131	4.455	5.02	1.78	1.82	-6.36	-36.73	27.55	
136	273	141	4.488	5.06	1.58	0.91	-5.15	-22.96	41.32	
137	274	148	4.521	5.08	1.44	0.30	-3.64	-13.77	41.32	
138	274	153	4.554	5.08	1.34	0.00	-2.42	0.00	36.73	
139	274	156	4.587	5.08	1.28	0.30	-1.21	4.59	36.73	
140	275	157	4.620	5.10	1.26	0.30	0.00	-9.18	41.32	
141	275	156	4.653	5.10	1.28	-0.30	1.52	-9.18	41.32	
142	274	152	4.686	5.08	1.36	-0.30	2.73	0.00	32.14	
143	274	147	4.719	5.08	1.46	-0.30	3.64	-13.77	36.73	
144	273	140	4.752	5.06	1.60	-1.21	5.15	-22.96	36.73	
145	270	130	4.785	5.00	1.80	-1.82	6.06	-22.96	18.37	
146	267	120	4.818	4.94	2.00	-2.73	6.36	-32.14	9.18	
147	261	109	4.851	4.82	2.22	-3.94	6.67	9.18	-45.91	
148	254	98	4.884	4.68	2.44	-2.12	3.33	13.77	-50.51	
149	254	98	4.917	4.68	2.44	-3.03	3.33	-13.77	0.00	
150	244	87	4.950	4.48	2.66	-3.03	3.33	-73.46	36.73	
151	244	87	4.983	4.48	2.66	-7.88	5.76	-146.92	64.28	
152	218	68	5.016	3.96	3.04	-12.73	7.58	-32.14	-41.32	
153	202	62	5.049	3.64	3.16	-10.00	3.03	114.78	-96.42	
154	185	58	5.082	3.30	3.24	-5.15	1.21	-13.77	-59.69	
155	185	58	5.115	3.30	3.24	-10.91	-0.91	-165.29	-59.69	
156	149	61	5.148	2.58	3.18	-16.06	-2.73	13.77	-59.69	
157	132	67	5.181	2.24	3.06	-10.00	-4.85	110.19	-50.51	
158	116	77	5.214	1.92	2.86	-8.79	-6.06	45.91	-32.14	
159	103	87	5.247	1.66	2.66	-6.97	-6.97	50.51	-27.55	
160	93	100	5.280	1.46	2.40	-5.45	-7.88	41.32	-13.77	
161	85	113	5.313	1.30	2.14	-4.24	-7.88	41.32	0.00	
162	79	126	5.346	1.18	1.88	-2.73	-7.88	45.91	13.77	
163	76	139	5.379	1.12	1.62	-1.21	-6.97	36.73	32.14	
164	75	149	5.412	1.10	1.42	-0.30	-5.76	18.37	32.14	
165	75	158	5.445	1.10	1.24	0.00	-4.85	4.59	27.55	
166	75	165	5.478	1.10	1.10	0.00	-3.94	4.59	32.14	
167	75	171	5.511	1.10	0.98	0.30	-2.73	4.59	41.32	
168	76	174	5.544	1.12	0.92	0.30	-1.21	-4.59	41.32	
169	76	175	5.577	1.12	0.90	0.00	0.00	-4.59	36.73	
170	76	174	5.610	1.12	0.92	0.00	1.21	-4.59	32.14	
171	76	171	5.643	1.12	0.98	-0.30	2.12	-4.59	27.55	
172	75	167	5.676	1.10	1.06	-0.30	3.03	4.59	32.14	
173	75	161	5.709	1.10	1.18	0.00	4.24	4.59	32.14	
174	75	153	5.742	1.10	1.34	0.00	5.15	9.18	22.96	
175	75	144	5.775	1.10	1.52	0.61	5.76	27.55	22.96	
176	77	134	5.808	1.14	1.72	1.82	6.67	32.14	22.96	
177	81	122	5.841	1.22	1.96	2.73	7.27	32.14	9.18	
178	86	110	5.874	1.32	2.20	3.94	7.27	41.32	-4.59	
179	94	98	5.907	1.48	2.44	5.45	6.97	41.32	-13.77	
180	104	87	5.940	1.68	2.66	6.67	6.36	36.73	-18.37	
181	116	77	5.973	1.92	2.86	7.88	5.76	36.73	-27.55	
182	130	68	6.006	2.20	3.04	9.09	4.55	36.73	-45.91	
183	146	62	6.039	2.52	3.16	10.30	2.73	27.55	-50.51	
184	164	59	6.072	2.88	3.22	10.91	1.21	9.18	-50.51	
185	182	58	6.105	3.24	3.24	10.91	-0.61	-9.18	-64.28	
186	200	61	6.138	3.60	3.18	10.30	-3.03	-22.96	-59.69	
187	216	68	6.171	3.92	3.04	9.39	-4.55	-87.24	9.18	
188	231	76	6.204	4.22	2.88	4.55	-2.42	-82.64	18.37	
189	231	76	6.237	4.22	2.88	3.94	-3.33	41.32	-68.87	
190	244	87	6.270	4.48	2.66	7.27	-6.97	50.51	-114.78	
191	255	99	6.303	4.70	2.42	7.27	-10.91	-50.51	-4.59	
192	268	123	6.336	4.96	1.94	3.94	-7.27	-96.42	119.38	
193	268	123	6.369	4.96	1.94	0.91	-3.03	-36.73	22.96	
194	271	133	6.402	5.02	1.74	1.52	-5.76	0.00	-45.91	
195	273	142	6.435	5.06	1.56	0.91	-6.06	-18.37	36.73	
196	274	153	6.468	5.08	1.34	0.30	-3.33	-9.18	82.64	
197	274	153	6.501	5.08	1.34	0.30	-0.61	-4.59	41.32	
198	275	155	6.534	5.10	1.30	0.00	-0.61	-9.18	18.37	
199	274	155	6.567	5.08	1.30	-0.30	0.61	0.00	36.73	
200	274	153	6.600	5.08	1.34	0.00	1.82	0.00	36.73	
201	274	149	6.633	5.08	1.42	-0.30	3.03	-9.18	32.14	
202	273	143	6.666	5.06	1.54	-0.61	3.94	-13.77	32.14	
203	272	136	6.699	5.04	1.68	-1.21	5.15	-22.96	32.14	
204	269	126	6.732	4.98	1.88	-2.12	6.06	-27.55	18.37	
205	265	116	6.765	4.90	2.08	-3.03	6.36	-36.73	9.18	
206	259	105	6.798	4.78	2.30	-4.55	6.67	-41.32	4.59	
207	250	94	6.831	4.60	2.52	-5.76	6.67	-36.73	-9.18	
208	240	83	6.864	4.40	2.74	-6.97	6.06	-41.32	-22.96	
209	227	74	6.897	4.14	2.92	-8.48	5.15	-36.73	-27.55	
210	212	66	6.930	3.84	3.08	-9.39	4.24	-22.96	-41.32	
211	196	60	6.963	3.52	3.20	-10.00	2.42	-22.96	-59.69	
212	179	58	6.996	3.18	3.24	-10.91	0.30	-13.77	-59.69	
213	160	59	7.029	2.80	3.22	-10.91	-1.52	9.18	-55.10	
214	143	63	7.062	2.46	3.14	-10.30	-3.33	22.96	-55.10	
215	126	70	7.095	2.12	3.00	-9.39	-5.15	32.14	-45.91	
216	112	80	7.128	1.84	2.80	-8.18	-6.36	41.32	-32.14	
217	99	91	7.161	1.58	2.58	-6.67	-7.27	50.51	-22.96	
218	90	104	7.194	1.40	2.32	-4.85	-7.88	45.91	-9.18	
219	83	117	7.227	1.26	2.06	-3.64	-7.88	41.32	9.18	
220	78	130	7.260	1.16	1.80	-2.12	-7.27	41.32	22.96	
221	76	141	7.293	1.12	1.58	-0.91	-6.36	27.55	27.55	
222	75	151	7.326	1.10	1.38	-0.30	-5.45	13.77	27.55	
223	75	159	7.359	1.10	1.22	0.00	-4.55	9.18	27.55	
224	75	166	7.392	1.10	1.08	0.30	-3.64	4.59	36.73	
225	76	171	7.425	1.12	0.98	0.30	-2.12	-4.59	41.32	
226	76	173	7.458	1.12	0.94	0.00	-0.91	-4.59	36.73	
227	76	174	7.491	1.12	0.92	0.00	0.30	-4.59	36.73	
228	76	172	7.524	1.12	0.96	-0.30	1.52	-4.59	32.14	
229	75	169	7.557	1.10	1.02	-0.30	2.42	0.00	27.55	
230	75	164	7.590	1.10	1.12	-0.30	3.33	0.00	-9.18	
231	74	158	7.623	1.08	1.24	-0.30	1.82	9.18	-9.18	
232	74	158	7.656	1.08	1.24	0.30	2.73	22.96	105.60	
233	75	149	7.689	1.10	1.42	1.21	8.79	9.18	50.51	
234	78	129	7.722	1.16	1.82	0.91	6.06	4.59	-78.05	
235	78	129	7.755	1.16	1.82	1.52	3.64	36.73	18.37	
236	83	117	7.788	1.26	2.06	3.33	7.27	91.83	101.01	
237	89	105	7.821	1.38	2.30	7.58	10.30	36.73	-9.18	
238	108	83	7.854	1.76	2.74	5.76	6.67	-55.10	-114.78	
239	108	83	7.887	1.76	2.74	3.94	2.73	41.32	-22.96	
240	121	74	7.920	2.02	2.92	8.48	5.15	82.64	22.96	
241	136	66	7.953	2.32	3.08	9.39	4.24	27.55	-41.32	
242	152	60	7.986	2.64	3.20	10.30	2.42	18.37	-59.69	
243	170	58	8.019	3.00	3.24	10.61	0.30	4.59	-59.69	
244	187	59	8.052	3.34	3.22	10.61	-1.52	-4.59	-55.10	
245	205	63	8.085	3.70	3.14	10.30	-3.33	-18.37	-55.10	
246	221	70	8.118	4.02	3.00	9.39	-5.15	-32.14	-41.32	
247	236	80	8.151	4.32	2.80	8.18	-6.06	-45.91	-27.55	
248	248	90	8.184	4.56	2.60	6.36	-6.97	-50.51	-18.37	
249	257	103	8.217	4.74	2.34	4.85	-7.27	-41.32	0.00	
250	264	114	8.250	4.88	2.12	3.64	-6.97	-36.73	13.77	
251	269	126	8.283	4.98	1.88	2.42	-6.36	-36.73	27.55	
252	272	135	8.316	5.04	1.70	1.21	-5.15	-27.55	32.14	
253	273	143	8.349	5.06	1.54	0.61	-4.24	-13.77	32.14	
254	274	149	8.382	5.08	1.42	0.30	-3.03	-9.18	41.32	
255	274	153	8.415	5.08	1.34	0.00	-1.52	0.00	41.32	
256	274	154	8.448	5.08	1.32	0.30	-0.30	0.00	36.73	
257	275	154	8.481	5.10	1.32	0.00	0.91	-9.18	41.32	
258	274	151	8.514	5.08	1.38	-0.30	2.42	-4.59	36.73	
259	274	146	8.547	5.08	1.48	-0.30	3.33	-9.18	27.55	
260	273	140	8.580	5.06	1.60	-0.91	4.24	-22.96	32.14	
261	271	132	8.613	5.02	1.76	-1.82	5.45	-27.55	32.14	
262	267	122	8.646	4.94	1.96	-2.73	6.36	-22.96	18.37	
263	262	111	8.679	4.84	2.18	-3.33	6.67	-27.55	0.00	
264	256	100	8.712	4.72	2.40	-4.55	6.36	-45.91	-4.59	
265	247	90	8.745	4.54	2.60	-6.36	6.36	-45.91	-9.18	
266	235	79	8.778	4.30	2.82	-7.58	5.76	-32.14	-27.55	
267	222	71	8.811	4.04	2.98	-8.48	4.55	-32.14	-36.73	
268	207	64	8.844	3.74	3.12	-9.70	3.33	-32.14	-41.32	
269	190	60	8.877	3.40	3.20	-10.61	1.82	-13.77	-50.51	
270	172	58	8.910	3.04	3.24	-10.61	0.00	82.64	-36.73	
271	155	60	8.943	2.70	3.20	-5.15	-0.61	78.05	-22.96	
272	155	60	8.976	2.70	3.20	-5.45	-1.52	-137.74	-96.42	
273	137	65	9.009	2.34	3.10	-14.24	-6.97	-101.01	-114.78	
274	108	83	9.042	1.76	2.74	-12.12	-9.09	123.97	-9.18	
275	97	95	9.075	1.54	2.50	-6.06	-7.58	110.19	18.37	
276	88	108	9.108	1.36	2.24	-4.85	-7.88	59.69	55.10	
277	81	121	9.141	1.22	1.98	-2.12	-3.94	59.69	68.87	
278	81	121	9.174	1.22	1.98	-0.91	-3.33	4.59	-45.91	
279	78	132	9.207	1.16	1.76	-1.82	-6.97	0.00	-4.59	
280	75	144	9.240	1.10	1.52	-0.91	-3.64	27.55	27.55	
281	75	144	9.273	1.10	1.52	0.00	-5.15	13.77	-45.91	
282	75	161	9.306	1.10	1.18	0.00	-6.67	0.00	32.14	
283	75	166	9.339	1.10	1.08	0.00	-3.03	4.59	73.46	
284	75	171	9.372	1.10	0.98	0.30	-1.82	4.59	41.32	
285	76	172	9.405	1.12	0.96	0.30	-0.30	-9.18	36.73	
286	76	172	9.438	1.12	0.96	-0.30	0.61	-9.18	32.14	
287	75	170	9.471	1.10	1.00	-0.30	1.82	4.59	32.14	
288	75	166	9.504	1.10	1.08	0.00	2.73	4.59	27.55	
289	75	161	9.537	1.10	1.18	0.00	3.64	0.00	27.55	
290	75	154	9.570	1.10	1.32	0.00	4.55	9.18	32.14	
291	75	146	9.603	1.10	1.48	0.61	5.76	22.96	32.14	
292	77	135	9.636	1.14	1.70	1.52	6.67	27.55	13.77	
293	80	124	9.669	1.20	1.92	2.42	6.67	32.14	4.59	
294	85	113	9.702	1.30	2.14	3.64	6.97	36.73	4.59	
295	92	101	9.735	1.44	2.38	4.85	6.97	41.32	-4.59	
296	101	90	9.768	1.62	2.60	6.36	6.67	41.32	-18.37	
297	113	79	9.801	1.86	2.82	7.58	5.76	32.14	-32.14	
298	126	71	9.834	2.12	2.98	8.48	4.55	32.14	-32.14	
299	141	64	9.867	2.42	3.12	9.70	3.64	27.55	-41.32	
300	158	59	9.900	2.76	3.22	10.30	1.82	13.77	-59.69	
301	175	58	9.933	3.10	3.24	10.61	-0.30	4.59	-59.69	
302	193	60	9.966	3.46	3.20	10.61	-2.12	-9.18	-55.10	
303	210	65	9.999	3.80	3.10	10.00	-3.94	-27.55	-45.91	
304	226	73	10.032	4.12	2.94	8.79	-5.15	-36.73	-36.73	
305	239	82	10.065	4.38	2.76	7.58	-6.36	-41.32	-32.14	
306	251	94	10.098	4.62	2.52	6.06	-7.27	-50.51	-9.18	
307	259	106	10.131	4.78	2.28	4.24	-6.97	-41.32	9.18	
308	265	117	10.164	4.90	2.06	3.33	-6.67	-32.14	13.77	
309	270	128	10.197	5.00	1.84	2.12	-6.06	-32.14	27.55	
310	272	137	10.230	5.04	1.66	1.21	-4.85	-22.96	36.73	
311	274	144	10.263	5.08	1.52	0.61	-3.64	-18.37	50.51	
312	274	149	10.296	5.08	1.42	0.00	-1.52	-9.18	41.32	
313	274	149	10.329	5.08	1.42	0.00	-0.91	0.00	9.18	
314	274	152	10.362	5.08	1.36	0.00	-0.91	0.00	32.14	
315	274	152	10.395	5.08	1.36	0.00	1.21	-4.59	55.10	
316	274	148	10.428	5.08	1.44	-0.30	2.73	-9.18	36.73	
317	273	143	10.461	5.06	1.54	-0.61	3.64	-9.18	27.55	
318	272	136	10.494	5.04	1.68	-0.91	4.55	0.00	-18.37	
319	270	128	10.527	5.00	1.84	-0.61	2.42	-4.59	-22.96	
320	270	128	10.560	5.00	1.84	-1.21	3.03	-36.73	59.69	
321	266	118	10.593	4.92	2.04	-3.03	6.36	-41.32	50.51	
322	260	107	10.626	4.80	2.26	-3.94	6.36	-32.14	0.00	
323	253	97	10.659	4.66	2.46	-5.15	6.36	-41.32	0.00	
324	243	86	10.692	4.46	2.68	-6.67	6.36	-41.32	-13.77	
325	231	76	10.725	4.22	2.88	-7.88	5.45	-36.73	-32.14	
326	217	68	10.758	3.94	3.04	-9.09	4.24	-32.14	-41.32	
327	201	62	10.791	3.62	3.16	-10.00	2.73	-18.37	-45.91	
328	184	59	10.824	3.28	3.22	-10.30	1.21	-9.18	-50.51	
329	167	58	10.857	2.94	3.24	-10.61	-0.61	0.00	-59.69	
330	149	61	10.890	2.58	3.18	-10.30	-2.73	13.77	-59.69	
331	133	67	10.923	2.26	3.06	-9.70	-4.55	27.55	-50.51	
332	117	76	10.956	1.94	2.88	-8.48	-6.06	41.32	-32.14	
333	105	87	10.989	1.70	2.66	-6.97	-6.67	41.32	-18.37	
334	94	98	11.022	1.48	2.44	-5.76	-7.27	41.32	-18.37	
335	86	111	11.055	1.32	2.18	-4.24	-7.88	45.91	-4.59	
336	80	124	11.088	1.20	1.92	-2.73	-7.58	41.32	18.37	
337	77	136	11.121	1.14	1.68	-1.52	-6.67	32.14	27.55	
338	75	146	11.154	1.10	1.48	-0.61	-5.76	22.96	27.55	
339	75	155	11.187	1.10	1.30	0.00	-4.85	9.18	32.14	
340	75	162	11.220	1.10	1.16	0.00	-3.64	0.00	36.73	
341	75	167	11.253	1.10	1.06	0.00	-2.42	4.59	36.73	
342	75	170	11.286	1.10	1.00	0.30	-1.21	4.59	32.14	
343	76	171	11.319	1.12	0.98	0.30	-0.30	-9.18	32.14	
344	76	171	11.352	1.12	0.98	-0.30	0.91	-9.18	36.73	
345	75	168	11.385	1.10	1.04	-0.30	2.12	0.00	32.14	
346	75	164	11.418	1.10	1.12	-0.30	3.03	4.59	27.55	
347	74	158	11.451	1.08	1.24	0.00	3.94	13.77	32.14	
348	75	151	11.484	1.10	1.38	0.61	5.15	13.77	32.14	
349	76	141	11.517	1.12	1.58	0.91	6.06	13.77	18.37	
350	78	131	11.550	1.16	1.78	1.52	6.36	27.55	9.18	
351	81	120	11.583	1.22	2.00	2.73	6.67	41.32	9.18	
352	87	109	11.616	1.34	2.22	4.24	6.97	41.32	4.59	
353	95	97	11.649	1.50	2.46	5.45	6.97	32.14	-9.18	
354	105	86	11.682	1.70	2.68	6.36	6.36	36.73	-22.96	
355	116	76	11.715	1.92	2.88	7.88	5.45	41.32	-32.14	
356	131	68	11.748	2.22	3.04	9.09	4.24	27.55	-41.32	
357	146	62	11.781	2.52	3.16	9.70	2.73	22.96	-45.91	
358	163	59	11.814	2.86	3.22	10.61	1.21	13.77	-50.51	
359	181	58	11.847	3.22	3.24	10.61	-0.61	-4.59	-59.69	
360	198	61	11.880	3.56	3.18	10.30	-2.73	-82.64	-18.37	
361	215	67	11.913	3.90	3.06	5.15	-1.82	-87.24	4.59	
362	215	67	11.946	3.90	3.06	4.55	-2.42	50.51	-59.69	
363	230	75	11.979	4.20	2.90	8.48	-5.76	36.73	-64.28	
364	243	86	12.012	4.46	2.68	6.97	-6.67	-82.64	36.73	
365	253	97	12.045	4.66	2.46	3.03	-3.33	-45.91	-4.59	
366	253	97	12.078	4.66	2.46	3.94	-6.97	32.14	-101.01	
367	266	120	12.111	4.92	2.00	5.15	-10.00	-32.14	22.96	
368	270	130	12.144	5.00	1.80	1.82	-5.45	-59.69	82.64	
369	272	138	12.177	5.04	1.64	1.21	-4.55	-18.37	32.14	
370	274	145	12.210	5.08	1.50	0.61	-3.33	-18.37	36.73	
371	274	149	12.243	5.08	1.42	0.00	-2.12	-9.18	36.73	
372	274	152	12.276	5.08	1.36	0.00	-0.91	0.00	41.32	
373	274	152	12.309	5.08	1.36	0.00	0.61	0.00	41.32	
374	274	150	12.342	5.08	1.40	0.00	1.82	-4.59	36.73	
375	274	146	12.375	5.08	1.48	-0.30	3.03	-13.77	36.73	
376	273	140	12.408	5.06	1.60	-0.91	4.24	-18.37	27.55	
377	271	132	12.441	5.02	1.76	-1.52	4.85	-18.37	18.37	
378	268	124	12.474	4.96	1.92	-2.12	5.45	-27.55	22.96	
379	264	114	12.507	4.88	2.12	-3.33	6.36	-36.73	18.37	
380	257	103	12.540	4.74	2.34	-4.55	6.67	-32.14	0.00	
381	249	92	12.573	4.58	2.56	-5.45	6.36	-36.73	-13.77	
382	239	82	12.606	4.38	2.76	-6.97	5.76	-41.32	-22.96	
383	226	73	12.639	4.12	2.94	-8.18	4.85	-32.14	-32.14	
384	212	66	12.672	3.84	3.08	-9.09	3.64	-27.55	-36.73	
385	196	61	12.705	3.52	3.18	-10.00	2.42	-22.96	-45.91	
386	179	58	12.738	3.18	3.24	-10.61	0.61	-9.18	-59.69	
387	161	59	12.771	2.82	3.22	-10.61	-1.52	9.18	-55.10	
388	144	63	12.804	2.48	3.14	-10.00	-3.03	22.96	-50.51	
389	128	69	12.837	2.16	3.02	-9.09	-4.85	27.55	-50.51	
390	114	79	12.870	1.88	2.82	-8.18	-6.36	32.14	-32.14	
391	101	90	12.903	1.62	2.60	-6.97	-6.97	45.91	-13.77	
392	91	102	12.936	1.42	2.36	-5.15	-7.27	50.51	-9.18	
393	84	114	12.969	1.28	2.12	-3.64	-7.58	41.32	0.00	
394	79	127	13.002	1.18	1.86	-2.42	-7.27	36.73	18.37	
395	76	138	13.035	1.12	1.64	-1.21	-6.36	32.14	27.55	
396	75	148	13.068	1.10	1.44	-0.30	-5.45	18.37	32.14	
397	75	156	13.101	1.10	1.28	0.00	-4.24	4.59	32.14	
398	75	162	13.134	1.10	1.16	0.00	-3.33	0.00	32.14	
399	75	167	13.167	1.10	1.06	0.00	-2.12	0.00	41.32	
400	75	169	13.200	1.10	1.02	0.00	-0.61	0.00	27.55	
401	75	169	13.233	1.10	1.02	0.00	-0.30	0.00	22.96	
402	75	170	13.266	1.10	1.00	0.00	0.91	0.00	22.96	
403	75	166	13.299	1.10	1.08	0.00	1.21	0.00	9.18	
404	75	166	13.332	1.10	1.08	0.00	1.52	0.00	32.14	
405	75	161	13.365	1.10	1.18	0.00	3.33	4.59	87.24	
406	75	155	13.398	1.10	1.30	0.30	7.27	4.59	32.14	
407	76	137	13.431	1.12	1.66	0.30	5.45	9.18	-64.28	
408	76	137	13.464	1.12	1.66	0.91	3.03	32.14	13.77	
409	79	127	13.497	1.18	1.86	2.42	6.36	36.73	59.69	
410	84	116	13.530	1.28	2.08	3.33	6.97	27.55	9.18	
411	90	104	13.563	1.40	2.32	4.24	6.97	36.73	-9.18	
412	98	93	13.596	1.56	2.54	5.76	6.36	41.32	-13.77	
413	109	83	13.629	1.78	2.74	6.97	6.06	32.14	-18.37	
414	121	73	13.662	2.02	2.94	7.88	5.15	32.14	-36.73	
415	135	66	13.695	2.30	3.08	9.09	3.64	36.73	-41.32	
416	151	61	13.728	2.62	3.18	10.30	2.42	22.96	-45.91	
417	169	58	13.761	2.98	3.24	10.61	0.61	0.00	-59.69	
418	186	59	13.794	3.32	3.22	10.30	-1.52	-9.18	-55.10	
419	203	63	13.827	3.66	3.14	10.00	-3.03	-13.77	-45.91	
420	219	69	13.860	3.98	3.02	9.39	-4.55	-27.55	-41.32	
421	234	78	13.893	4.28	2.84	8.18	-5.76	-45.91	-32.14	
422	246	88	13.926	4.52	2.64	6.36	-6.67	-50.51	-18.37	
423	255	100	13.959	4.70	2.40	4.85	-6.97	-41.32	0.00	
424	262	111	13.992	4.84	2.18	3.64	-6.67	-32.14	9.18	
425	267	122	14.025	4.94	1.96	2.73	-6.36	-27.55	22.96	
426	271	132	14.058	5.02	1.76	1.82	-5.15	-27.55	36.73	
427	273	139	14.091	5.06	1.62	0.91	-3.94	-22.96	32.14	
428	274	145	14.124	5.08	1.50	0.30	-3.03	-13.77	32.14	
429	274	149	14.157	5.08	1.42	0.00	-1.82	-4.59	41.32	
430	274	151	14.190	5.08	1.38	0.00	-0.30	0.00	41.32	
431	274	150	14.223	5.08	1.40	0.00	0.91	-4.59	36.73	
432	274	148	14.256	5.08	1.44	-0.30	2.12	-9.18	36.73	
433	273	143	14.289	5.06	1.54	-0.61	3.33	-9.18	32.14	
434	272	137	14.322	5.04	1.66	-0.91	4.24	-18.37	27.55	
435	270	129	14.355	5.00	1.82	-1.82	5.15	-27.55	27.55	
436	266	120	14.388	4.92	2.00	-2.73	6.06	-22.96	18.37	
437	261	109	14.421	4.82	2.22	-3.33	6.36	-27.55	0.00	
438	255	99	14.454	4.70	2.42	-4.55	6.06	-41.32	-4.59	
439	246	89	14.487	4.52	2.62	-6.06	6.06	-41.32	-4.59	
440	235	79	14.520	4.30	2.82	-7.27	5.76	-36.73	-22.96	
441	222	70	14.553	4.04	3.00	-8.48	4.55	-36.73	-41.32	
442	207	64	14.586	3.74	3.12	-9.70	3.03	-22.96	-41.32	
443	190	60	14.619	3.40	3.20	-10.00	1.82	-9.18	-45.91	
444	174	58	14.652	3.08	3.24	-10.30	0.00	68.87	-36.73	
445	156	60	14.685	2.72	3.20	-5.45	-0.61	78.05	-18.37	
446	156	60	14.718	2.72	3.20	-5.15	-1.21	-68.87	-45.91	
447	139	64	14.751	2.38	3.12	-10.00	-3.64	-110.19	-114.78	
448	123	72	14.784	2.06	2.96	-12.42	-8.79	36.73	-41.32	
449	98	93	14.817	1.56	2.54	-7.58	-6.36	146.92	82.64	
450	98	93	14.850	1.56	2.54	-2.73	-3.33	45.91	-13.77	
451	89	104	14.883	1.38	2.32	-4.55	-7.27	-4.59	-64.28	
452	83	117	14.916	1.26	2.06	-3.03	-7.58	36.73	4.59	
453	79	129	14.949	1.18	1.82	-2.12	-6.97	27.55	22.96	
454	76	140	14.982	1.12	1.60	-1.21	-6.06	27.55	27.55	
455	75	149	15.015	1.10	1.42	-0.30	-5.15	18.37	32.14	
456	75	157	15.048	1.10	1.26	0.00	-3.94	4.59	36.73	
457	75	162	15.081	1.10	1.16	0.00	-2.73	0.00	32.14	
458	75	166	15.114	1.10	1.08	0.00	-1.82	0.00	27.55	
459	75	168	15.147	1.10	1.04	0.00	-0.91	0.00	32.14	
460	75	169	15.180	1.10	1.02	0.00	0.30	0.00	41.32	
461	75	167	15.213	1.10	1.06	0.00	1.82	0.00	36.73	
462	75	163	15.246	1.10	1.14	0.00	2.73	0.00	27.55	
463	75	158	15.279	1.10	1.24	0.00	3.64	0.00	27.55	
464	75	151	15.312	1.10	1.38	0.00	4.55	9.18	27.55	
465	75	143	15.345	1.10	1.54	0.61	5.45	27.55	22.96	
466	77	133	15.378	1.14	1.74	1.82	6.06	27.55	13.77	
467	81	123	15.411	1.22	1.94	2.42	6.36	22.96	13.77	
468	85	112	15.444	1.30	2.16	3.33	6.97	41.32	9.18	
469	92	100	15.477	1.44	2.40	5.15	6.97	41.32	-9.18	
470	102	89	15.510	1.64	2.62	6.06	6.36	27.55	-18.37	
471	112	79	15.543	1.84	2.82	6.97	5.76	36.73	-27.55	
472	125	70	15.576	2.10	3.00	8.48	4.55	36.73	-36.73	
473	140	64	15.609	2.40	3.12	9.39	3.33	27.55	-41.32	
474	156	59	15.642	2.72	3.22	10.30	1.82	18.37	-55.10	
475	174	58	15.675	3.08	3.24	10.61	-0.30	0.00	-55.10	
476	191	60	15.708	3.42	3.20	10.30	-1.82	-13.77	-45.91	
477	208	64	15.741	3.76	3.12	9.70	-3.33	-22.96	-45.91	
478	223	71	15.774	4.06	2.98	8.79	-4.85	-32.14	-41.32	
479	237	80	15.807	4.34	2.80	7.58	-6.06	-41.32	-32.14	
480	248	91	15.840	4.56	2.58	6.06	-6.97	-45.91	-9.18	
481	257	103	15.873	4.74	2.34	4.55	-6.67	-41.32	9.18	
482	263	113	15.906	4.86	2.14	3.33	-6.36	-32.14	9.18	
483	268	124	15.939	4.96	1.92	2.42	-6.06	-27.55	22.96	
484	271	133	15.972	5.02	1.74	1.52	-4.85	-22.96	36.73	
485	273	140	16.005	5.06	1.60	0.91	-3.64	-18.37	50.51	
486	274	145	16.038	5.08	1.50	0.30	-1.52	-13.77	41.32	
487	274	145	16.071	5.08	1.50	0.00	-0.91	-4.59	9.18	
488	274	148	16.104	5.08	1.44	0.00	-0.91	0.00	13.77	
489	274	148	16.137	5.08	1.44	0.00	0.00	0.00	13.77	
490	274	148	16.170	5.08	1.44	0.00	0.00	-4.59	36.73	
491	274	148	16.203	5.08	1.44	-0.30	2.42	-4.59	36.73	
492	273	140	16.236	5.06	1.60	-0.30	2.42	-13.77	32.14	
493	273	140	16.269	5.06	1.60	-1.21	4.55	-32.14	73.46	
494	269	125	16.302	4.98	1.90	-2.42	7.27	-27.55	18.37	
495	265	116	16.335	4.90	2.08	-3.03	5.76	-22.96	-13.77	
496	259	106	16.368	4.78	2.28	-3.94	6.36	-32.14	9.18	
497	252	95	16.401	4.64	2.50	-5.15	6.36	-36.73	-9.18	
498	242	85	16.434	4.44	2.70	-6.36	5.76	-36.73	-18.37	
499	231	76	16.467	4.22	2.88	-7.58	5.15	-36.73	-22.96	
500	217	68	16.500	3.94	3.04	-8.79	4.24	-27.55	-36.73	
501	202	62	16.533	3.64	3.16	-9.39	2.73	-22.96	-45.91	
502	186	59	16.566	3.32	3.22	-10.30	1.21	-18.37	-50.51	
503	168	58	16.599	2.96	3.24	-10.61	-0.61	0.00	-55.10	
504	151	61	16.632	2.62	3.18	-10.30	-2.42	18.37	-50.51	
505	134	66	16.665	2.28	3.08	-9.39	-3.94	27.55	-50.51	
506	120	74	16.698	2.00	2.92	-8.48	-5.76	32.14	-36.73	
507	106	85	16.731	1.72	2.70	-7.27	-6.36	41.32	-18.37	
508	96	95	16.764	1.52	2.50	-5.76	-6.97	45.91	-18.37	
509	87	108	16.797	1.34	2.24	-4.24	-7.58	45.91	0.00	
510	82	120	16.830	1.24	2.00	-2.73	-6.97	36.73	13.77	
511	78	131	16.863	1.16	1.78	-1.82	-6.67	27.55	18.37	
512	76	142	16.896	1.12	1.56	-0.91	-5.76	22.96	27.55	
513	75	150	16.929	1.10	1.40	-0.30	-4.85	13.77	32.14	
514	75	158	16.962	1.10	1.24	0.00	-3.64	4.59	36.73	
515	75	162	16.995	1.10	1.16	0.00	-2.42	0.00	32.14	
516	75	166	17.028	1.10	1.08	0.00	-1.52	0.00	32.14	
517	75	167	17.061	1.10	1.06	0.00	-0.30	0.00	32.14	
518	75	167	17.094	1.10	1.06	0.00	0.61	0.00	32.14	
519	75	165	17.127	1.10	1.10	0.00	1.82	0.00	36.73	
520	75	161	17.160	1.10	1.18	0.00	3.03	0.00	32.14	
521	75	155	17.193	1.10	1.30	0.00	3.94	4.59	27.55	
522	75	148	17.226	1.10	1.44	0.30	4.85	13.77	22.96	
523	76	139	17.259	1.12	1.62	0.91	5.45	22.96	18.37	
524	78	130	17.292	1.16	1.80	1.82	6.06	32.14	22.96	
525	82	119	17.325	1.24	2.02	3.03	6.97	32.14	9.18	
526	88	107	17.358	1.36	2.26	3.94	6.67	-13.77	-59.69	
527	95	97	17.391	1.50	2.46	2.12	3.03	-13.77	-55.10	
528	95	97	17.424	1.50	2.46	3.03	3.03	128.56	87.24	
529	105	87	17.457	1.70	2.66	10.61	8.79	68.87	41.32	
530	130	68	17.490	2.20	3.04	7.58	5.76	-91.83	-105.60	
531	130	68	17.523	2.20	3.04	4.55	1.82	32.14	-45.91	
532	145	62	17.556	2.50	3.16	9.70	2.73	165.29	-22.96	
533	162	59	17.589	2.84	3.22	15.45	0.30	9.18	-50.51	
534	196	61	17.622	3.52	3.18	10.30	-0.61	-160.70	-27.55	
535	196	61	17.655	3.52	3.18	4.85	-1.52	-13.77	-50.51	
536	212	66	17.688	3.84	3.08	9.39	-3.94	55.10	-55.10	
537	227	74	17.721	4.14	2.92	8.48	-5.15	-36.73	-32.14	
538	240	83	17.754	4.40	2.74	6.97	-6.06	-41.32	-22.96	
539	250	94	17.787	4.60	2.52	5.76	-6.67	-36.73	-9.18	
540	259	105	17.820	4.78	2.30	4.55	-6.67	-41.32	9.18	
541	265	116	17.853	4.90	2.08	3.03	-6.06	-41.32	18.37	
542	269	125	17.886	4.98	1.90	1.82	-5.45	-27.55	22.96	
543	271	134	17.919	5.02	1.72	1.21	-4.55	-13.77	32.14	
544	273	140	17.952	5.06	1.60	0.91	-3.33	-13.77	36.73	
545	274	145	17.985	5.08	1.50	0.30	-2.12	-13.77	36.73	
546	274	147	18.018	5.08	1.46	0.00	-0.91	-4.59	36.73	
547	274	148	18.051	5.08	1.44	0.00	0.30	-4.59	36.73	
548	274	146	18.084	5.08	1.48	-0.30	1.52	-9.18	36.73	
549	273	143	18.117	5.06	1.54	-0.61	2.73	-4.59	36.73	
550	272	137	18.150	5.04	1.66	-0.61	3.94	-13.77	27.55	
551	271	130	18.183	5.02	1.80	-1.52	4.55	-27.55	22.96	
552	267	122	18.216	4.94	1.96	-2.42	5.45	-22.96	22.96	
553	263	112	18.249	4.86	2.16	-3.03	6.06	-27.55	9.18	
554	257	102	18.282	4.74	2.36	-4.24	6.06	-36.73	0.00	
555	249	92	18.315	4.58	2.56	-5.45	6.06	-41.32	-4.59	
556	239	82	18.348	4.38	2.76	-6.97	5.76	-36.73	-18.37	
557	226	73	18.381	4.12	2.94	-7.88	4.85	-27.55	-32.14	
558	213	66	18.414	3.86	3.08	-8.79	3.64	-32.14	-36.73	
559	197	61	18.447	3.54	3.18	-10.00	2.42	-22.96	-45.91	
560	180	58	18.480	3.20	3.24	-10.30	0.61	-4.59	-55.10	
561	163	59	18.513	2.86	3.22	-10.30	-1.21	4.59	-50.51	
562	146	62	18.546	2.52	3.16	-10.00	-2.73	18.37	-50.51	
563	130	68	18.579	2.20	3.04	-9.09	-4.55	32.14	-45.91	
564	116	77	18.612	1.92	2.86	-7.88	-5.76	36.73	-32.14	
565	104	87	18.645	1.68	2.66	-6.67	-6.67	36.73	-18.37	
566	94	99	18.678	1.48	2.42	-5.45	-6.97	41.32	-4.59	
567	86	110	18.711	1.32	2.20	-3.94	-6.97	41.32	-4.59	
568	81	122	18.744	1.22	1.96	-2.73	-7.27	41.32	50.51	
569	77	134	18.777	1.14	1.72	-1.21	-3.64	36.73	68.87	
570	77	134	18.810	1.14	1.72	-0.30	-2.73	9.18	-55.10	
571	76	143	18.843	1.12	1.54	-0.61	-7.27	0.00	-27.55	
572	75	158	18.876	1.10	1.24	-0.30	-4.55	9.18	87.24	
573	75	158	18.909	1.10	1.24	0.00	-1.52	4.59	36.73	
574	75	163	18.942	1.10	1.14	0.00	-2.12	0.00	13.77	
575	75	165	18.975	1.10	1.10	0.00	-0.61	0.00	32.14	
576	75	165	19.008	1.10	1.10	0.00	0.00	0.00	22.96	
577	75	165	19.041	1.10	1.10	0.00	0.91	-4.59	32.14	
578	75	162	19.074	1.10	1.16	-0.30	2.12	0.00	32.14	
579	74	158	19.107	1.08	1.24	0.00	3.03	9.18	27.55	
580	75	152	19.140	1.10	1.36	0.30	3.94	9.18	27.55	
581	75	145	19.173	1.10	1.50	0.61	4.85	18.37	27.55	
582	77	136	19.206	1.14	1.68	1.52	5.76	22.96	22.96	
583	80	126	19.239	1.20	1.88	2.12	6.36	22.96	13.77	
584	84	115	19.272	1.28	2.10	3.03	6.67	32.14	4.59	
585	90	104	19.305	1.40	2.32	4.24	6.67	36.73	-4.59	
586	98	93	19.338	1.56	2.54	5.45	6.36	36.73	-13.77	
587	108	83	19.371	1.76	2.74	6.67	5.76	36.73	-18.37	
588	120	74	19.404	2.00	2.92	7.88	5.15	36.73	-27.55	
589	134	66	19.437	2.28	3.08	9.09	3.94	27.55	-41.32	
590	150	61	19.470	2.60	3.18	9.70	2.42	18.37	-45.91	
591	166	58	19.503	2.92	3.24	10.30	0.91	9.18	-50.51	
592	184	58	19.536	3.28	3.24	10.30	-0.91	-9.18	-59.69	
593	200	61	19.569	3.60	3.18	9.70	-3.03	-18.37	-50.51	
594	216	68	19.602	3.92	3.04	9.09	-4.24	-27.55	-36.73	
595	230	75	19.635	4.20	2.90	7.88	-5.45	-36.73	-32.14	
596	242	86	19.668	4.44	2.68	6.67	-6.36	-36.73	-13.77	
597	252	96	19.701	4.64	2.48	5.45	-6.36	-36.73	0.00	
598	260	107	19.734	4.80	2.26	4.24	-6.36	-41.32	4.59	
599	266	117	19.767	4.92	2.06	2.73	-6.06	-36.73	13.77	
600	269	127	19.800	4.98	1.86	1.82	-5.45	-22.96	27.55	
601	272	135	19.833	5.04	1.70	1.21	-4.24	-22.96	36.73	
602	273	141	19.866	5.06	1.58	0.30	-3.03	-13.77	36.73	
603	273	145	19.899	5.06	1.50	0.30	-1.82	0.00	41.32	
604	274	147	19.932	5.08	1.46	0.30	-0.30	-4.59	41.32	
605	274	146	19.965	5.08	1.48	0.00	0.91	-9.18	32.14	
606	274	144	19.998	5.08	1.52	-0.30	1.82	-13.77	32.14	
607	273	140	20.031	5.06	1.60	-0.91	3.03			
608	271	134	20.064	5.02	1.72					
