# abkuehlung von kT = 5 bis kT ~ 0
#        T	E	C	M       Chi
      4.5   -0.484    0.119      0.0    0.727
      4.4   -0.496    0.064   -0.002    0.519
      4.3   -0.513    0.072    0.001    1.047
      4.2   -0.526    0.183   -0.003    0.788
      4.1   -0.542    0.314   -0.001    0.666
      4.0   -0.556    0.248    0.002    0.716
      3.9   -0.571    0.059   -0.003    1.326
      3.8   -0.594    0.269   -0.003    0.788
      3.7   -0.615    0.146      0.0    0.536
      3.6   -0.637    0.349      0.0    2.362
      3.5   -0.659     0.13   -0.007    0.743
      3.4   -0.687    0.287   -0.003    4.914
      3.3   -0.717    0.198    0.001    0.852
      3.2   -0.745    0.268      0.0    0.824
      3.1   -0.781    0.121   -0.003    1.543
      3.0   -0.822    0.353    0.002    2.926
      2.9    -0.86    0.188    0.009    2.331
      2.8   -0.911    0.152    0.003     6.37
      2.7   -0.962    0.446    0.007    3.299
      2.6   -1.023    0.824    0.009     1.42
      2.5   -1.099    0.647    0.004   10.727
      2.4   -1.185     2.41   -0.004    3.612
      2.3   -1.295    2.835    0.011    1.649
      2.2    -1.41    1.999    0.016    5.455
      2.1   -1.522    2.935    0.036    5.132
      2.0   -1.625    2.483    0.055    0.619
      1.9   -1.702    1.037    0.061    0.913
      1.8    -1.76    0.461     0.08    0.298
      1.7   -1.803    0.525    0.079    0.751
      1.6   -1.842    0.382    0.074    0.288
      1.5    -1.87    0.381    0.074    0.463
      1.4   -1.895    0.137     0.07    1.004
      1.3   -1.911    0.116    0.068    0.173
      1.2   -1.924    0.034    0.068    0.203
      1.1   -1.932    0.101    0.067    0.115
      1.0   -1.939    0.049    0.069     0.23
      0.9   -1.944    0.091    0.071    0.139
      0.8   -1.948    0.038    0.079    0.414
      0.7   -1.951     0.05    0.083    0.241
      0.6   -1.954    0.068    0.092    0.424
      0.5   -1.956      0.0    0.095    0.424
      0.4   -1.958    0.306    0.097    0.899
      0.3    -1.96    0.544    0.108    4.076
      0.2   -1.961      0.0    0.116    0.732
      0.1   -1.963    7.339    0.119    2.084
      0.1   -1.964      0.0    0.116    1.598
      0.1   -1.965      0.0    0.115    1.443
      0.1   -1.966    2.446     0.12    0.924
      0.1   -1.966   -2.446    0.123    2.548
      0.1   -1.967   -2.446    0.127    2.111
      0.1   -1.967   -2.446    0.131    2.061
      0.1   -1.967   -2.446    0.135     1.56
      0.1   -1.968    2.446    0.141    6.015
      0.1   -1.969    2.446    0.148     3.54
      0.1   -1.969    2.446    0.157   11.181
      0.1    -1.97    2.446    0.168    5.738
      0.1    -1.97   -2.446    0.177    1.825
      0.1   -1.971      0.0    0.181    0.489
      0.1   -1.971    2.446    0.182    0.334
      0.1   -1.972      0.0    0.184    0.382
      0.1   -1.972   -2.446    0.193    9.054
      0.1   -1.973   -2.446    0.202    7.496
      0.1   -1.973    2.446     0.21    3.582
      0.1   -1.974    2.446    0.216    1.541
      0.1   -1.974    2.446    0.219    2.993
      0.1   -1.974   -4.893    0.227    7.072
      0.1   -1.975    2.446    0.233      0.6
      0.1   -1.975   -4.893    0.239    4.885
      0.1   -1.975      0.0    0.244    2.492
      0.1   -1.975    2.446    0.244     0.52
      0.1   -1.976   -2.446    0.246    1.204
      0.1   -1.976    2.446    0.251    1.563
      0.1   -1.976   -2.446    0.253    0.447
      0.1   -1.976      0.0     0.25     1.17
      0.1   -1.977    2.446    0.255    2.584
      0.1   -1.977    2.446    0.259    0.352
      0.1   -1.977   -2.446    0.261    1.541
      0.1   -1.977    4.893    0.263    1.292
      0.1   -1.978      0.0    0.264    0.176
      0.1   -1.978      0.0    0.268    2.982
      0.1   -1.978      0.0    0.272    2.905
      0.1   -1.978    2.446    0.279    8.287
      0.1   -1.979      0.0    0.289    2.209
      0.1   -1.979      0.0    0.296    4.083
      0.1   -1.979   -4.893    0.301    2.882
      0.1   -1.979   -4.893    0.306     1.69
      0.1   -1.979      0.0    0.311    1.636
      0.1   -1.979      0.0    0.313    1.277
      0.1   -1.979    2.446    0.318    2.408
      0.1   -1.979   -4.893    0.326   10.734
      0.1   -1.979      0.0    0.335    3.035
      0.1    -1.98    4.893     0.34     3.83
      0.1    -1.98    4.893    0.346    3.173
      0.1    -1.98    2.446    0.349    0.979
      0.1    -1.98   -2.446    0.355     1.04
      0.1    -1.98   -2.446    0.358    0.894
      0.1    -1.98    2.446    0.364    0.474
      0.1    -1.98   -2.446    0.364    0.657
      0.1    -1.98    2.446    0.364     5.39
      0.1    -1.98      0.0    0.372    2.324
      0.1    -1.98    4.893    0.376    2.982
      0.1   -1.981   -4.893    0.379    0.589
      0.1   -1.981   -2.446    0.379    0.543
      0.1   -1.981   -2.446    0.378    0.757
      0.1   -1.981      0.0     0.38    3.471
      0.1   -1.981   -4.893    0.385    0.344
      0.1   -1.981   -2.446    0.388    1.231
      0.1   -1.981   -2.446    0.392    1.284
      0.1   -1.981    2.446    0.393    1.422
      0.1   -1.981    2.446    0.392    0.352
      0.1   -1.981    2.446    0.394    3.976
      0.1   -1.981      0.0      0.4    3.792
      0.1   -1.981      0.0    0.404    1.407
      0.1   -1.981   -2.446    0.408    1.422
      0.1   -1.981      0.0    0.411    0.627
      0.1   -1.981   -2.446    0.418    4.511
      0.1   -1.982    2.446    0.424    0.535
      0.1   -1.982    2.446    0.428    0.291
      0.1   -1.982      0.0    0.431    2.477
      0.1   -1.982   -2.446    0.434    4.144
      0.1   -1.982   -2.446     0.44     1.82
      0.1   -1.982   -2.446    0.444    1.193
      0.1   -1.982      0.0    0.448     0.26
      0.1   -1.982      0.0     0.45    3.165
      0.1   -1.982    2.446    0.454    6.483
      0.1   -1.982    2.446     0.46    2.003
      0.1   -1.982      0.0    0.463    1.606
      0.1   -1.982   -4.893    0.467    2.905
      0.1   -1.983   -4.893    0.472    0.413
      0.1   -1.983      0.0    0.476     3.67
      0.1   -1.983    2.446    0.482    1.942
      0.1   -1.983    2.446    0.486    3.089
      0.1   -1.983      0.0     0.49    1.498
      0.1   -1.983      0.0    0.493    0.902
      0.1   -1.983   -2.446    0.497    0.199
      0.1   -1.983      0.0    0.501    2.339
      0.1   -1.983   -2.446    0.506    3.685
      0.1   -1.983   -2.446     0.51     1.82
      0.1   -1.984    2.446    0.515     2.08
      0.1   -1.984      0.0    0.523   10.092
      0.1   -1.984    2.446    0.529    0.841
      0.1   -1.984      0.0    0.529    0.795
      0.1   -1.984   -4.893    0.535    4.862
      0.1   -1.984      0.0     0.54    0.398
      0.1   -1.984    4.893    0.546    3.028
      0.1   -1.984      0.0    0.549     0.26
      0.1   -1.984   -2.446    0.551    0.596
      0.1   -1.984   -2.446    0.555    2.569
      0.1   -1.985    2.446    0.558    3.639
      0.1   -1.985      0.0    0.558    0.765
      0.1   -1.985   -2.446    0.563    1.468
      0.1   -1.985   -4.893    0.567    0.826
      0.1   -1.985    2.446    0.571    8.379
      0.1   -1.985    4.893    0.578    1.284
      0.1   -1.985      0.0    0.582    1.131
      0.1   -1.985    2.446    0.587    3.303
      0.1   -1.985   -7.339    0.591    1.835
      0.1   -1.985    2.446    0.597    4.587
      0.1   -1.985      0.0    0.601    0.336
      0.1   -1.985   -2.446    0.604    5.291
      0.1   -1.985      0.0    0.608    0.306
      0.1   -1.986    4.893    0.611    3.089
      0.1   -1.986      0.0    0.613    0.336
      0.1   -1.986   -2.446    0.615    4.343
      0.1   -1.986   -4.893    0.623    7.187
      0.1   -1.986    2.446    0.628    2.263
      0.1   -1.986   -2.446    0.636    5.138
      0.1   -1.986      0.0     0.64    0.734
      0.1   -1.986   -2.446    0.643    0.306
      0.1   -1.986      0.0    0.644    1.223
      0.1   -1.986      0.0    0.649    1.407
      0.1   -1.986      0.0    0.655     2.11
      0.1   -1.987      0.0    0.659    2.018
      0.1   -1.987    2.446    0.664    1.284
      0.1   -1.987   -4.893    0.667    0.367
      0.1   -1.987      0.0     0.67    1.468
      0.1   -1.987   -4.893    0.674    0.306
      0.1   -1.987      0.0    0.676    0.765
      0.1   -1.987      0.0     0.68    5.199
      0.1   -1.987   -2.446    0.685    0.979
      0.1   -1.987      0.0    0.686    0.122
      0.1   -1.987   -7.339    0.687    1.346
      0.1   -1.988      0.0    0.693    1.315
      0.1   -1.988    2.446    0.698    2.538
      0.1   -1.988      0.0    0.702    0.979
      0.1   -1.988      0.0    0.704    0.398
      0.1   -1.988      0.0    0.704    0.153
      0.1   -1.988    4.893    0.706    1.651
      0.1   -1.988      0.0    0.709    0.612
      0.1   -1.988      0.0    0.713    0.887
      0.1   -1.988   -2.446    0.718    1.223
      0.1   -1.988   -2.446    0.722    2.569
      0.1   -1.988   -2.446    0.727    1.621
      0.1   -1.989    2.446    0.729    0.489
      0.1   -1.989    4.893    0.733    3.853
      0.1   -1.989    2.446    0.741    4.648
      0.1   -1.989   -4.893    0.746    1.988
      0.1   -1.989   -4.893    0.749    0.765
      0.1   -1.989   -7.339    0.752    1.713
      0.1   -1.989   -4.893    0.755    0.734
      0.1   -1.989    4.893     0.76    1.315
      0.1   -1.989      0.0    0.765    2.966
      0.1    -1.99      0.0     0.77    1.223
      0.1    -1.99    4.893    0.773    2.508
      0.1    -1.99      0.0    0.777    2.661
      0.1    -1.99      0.0    0.782    0.275
      0.1    -1.99    2.446    0.786    3.364
      0.1    -1.99    2.446    0.795    2.508
      0.1    -1.99      0.0    0.801     1.59
      0.1    -1.99      0.0    0.807    1.468
      0.1    -1.99   -2.446     0.81    0.856
      0.1    -1.99      0.0    0.812    0.489
      0.1   -1.991    2.446    0.815    1.835
      0.1   -1.991    2.446    0.819    2.569
      0.1   -1.991   -2.446    0.826    3.731
      0.1   -1.991    4.893    0.831    0.795
      0.1   -1.991      0.0    0.832    0.306
      0.1   -1.991      0.0    0.835     0.55
      0.1   -1.991      0.0    0.838    1.651
      0.1   -1.991   -2.446    0.843    2.446
      0.1   -1.992   -4.893    0.847    1.468
      0.1   -1.992   -2.446    0.851    2.018
      0.1   -1.992   -2.446    0.858    3.242
      0.1   -1.992   -2.446    0.864     1.04
      0.1   -1.992    2.446    0.865    0.122
      0.1   -1.992   -2.446    0.868    1.407
      0.1   -1.992      0.0    0.873    3.976
      0.1   -1.992    4.893    0.881    2.936
      0.1   -1.993      0.0    0.884    0.673
      0.1   -1.993   -7.339    0.887     0.55
      0.1   -1.993      0.0    0.891    1.529
      0.1   -1.993      0.0    0.895     0.55
      0.1   -1.993   -4.893    0.899    0.734
      0.1   -1.993    4.893    0.903    2.263
      0.1   -1.993   -2.446    0.907    0.367
      0.1   -1.993   -2.446    0.911     2.63
      0.1   -1.994    4.893    0.917    0.979
      0.1   -1.994    2.446    0.922    2.691
      0.1   -1.994   -2.446    0.926    0.979
      0.1   -1.994   -2.446    0.929    0.795
      0.1   -1.994      0.0    0.932    0.734
      0.1   -1.994    2.446    0.935    0.673
      0.1   -1.995    2.446    0.939    1.346
      0.1   -1.995      0.0    0.944    2.875
      0.1   -1.995   -2.446    0.948    0.367
      0.1   -1.995      0.0    0.953    4.098
      0.1   -1.995    2.446    0.958    0.673
      0.1   -1.996    2.446    0.961    0.489
      0.1   -1.996      0.0    0.965    1.835
      0.1   -1.996      0.0    0.969    0.367
      0.1   -1.996    2.446    0.973    1.651
      0.1   -1.996    4.893    0.976    0.489
      0.1   -1.997   -2.446     0.98    2.446
      0.1   -1.997    2.446    0.985    0.795
      0.1   -1.998      0.0     0.99    1.284
      0.1   -1.998      0.0    0.994    0.489
      0.1   -1.999      0.0    0.998    1.223
      0.1     -2.0      0.0      1.0      0.0
      0.1     -2.0      0.0      1.0      0.0
      0.1     -2.0      0.0      1.0      0.0
      0.1     -2.0      0.0      1.0      0.0
      0.1     -2.0      0.0      1.0      0.0
      0.1     -2.0      0.0      1.0      0.0
      0.1     -2.0      0.0      1.0      0.0
      0.1     -2.0      0.0      1.0      0.0
      0.1     -2.0      0.0      1.0      0.0
      0.1     -2.0      0.0      1.0      0.0
      0.1     -2.0      0.0      1.0      0.0
      0.1     -2.0      0.0      1.0      0.0
      0.1     -2.0      0.0      1.0      0.0
      0.1     -2.0      0.0      1.0      0.0
      0.1     -2.0      0.0      1.0      0.0
      0.1     -2.0      0.0      1.0      0.0
      0.1     -2.0      0.0      1.0      0.0
      0.1     -2.0      0.0      1.0      0.0
      0.1     -2.0      0.0      1.0      0.0
      0.1     -2.0      0.0      1.0      0.0
      0.1     -2.0      0.0      1.0      0.0
      0.1     -2.0      0.0      1.0      0.0
      0.1     -2.0      0.0      1.0      0.0
      0.1     -2.0      0.0      1.0      0.0
      0.1     -2.0      0.0      1.0      0.0
      0.1     -2.0      0.0      1.0      0.0
      0.1     -2.0      0.0      1.0      0.0
      0.1     -2.0      0.0      1.0      0.0
      0.1     -2.0      0.0      1.0      0.0
      0.1     -2.0      0.0      1.0      0.0
      0.1     -2.0      0.0      1.0      0.0
      0.1     -2.0      0.0      1.0      0.0
      0.1     -2.0      0.0      1.0      0.0
      0.1     -2.0      0.0      1.0      0.0
      0.1     -2.0      0.0      1.0      0.0
      0.1     -2.0   -2.446      1.0      0.0
      0.1     -2.0      0.0      1.0      0.0
      0.1     -2.0      0.0      1.0      0.0
      0.1     -2.0      0.0      1.0      0.0
      0.1     -2.0      0.0      1.0      0.0
      0.1     -2.0      0.0      1.0      0.0
      0.1     -2.0      0.0      1.0      0.0
      0.1     -2.0      0.0      1.0      0.0
      0.1     -2.0      0.0      1.0      0.0
      0.1     -2.0      0.0      1.0      0.0
      0.1     -2.0      0.0      1.0      0.0
      0.1     -2.0      0.0      1.0      0.0
      0.1     -2.0      0.0      1.0      0.0
      0.1     -2.0      0.0      1.0      0.0
      0.1     -2.0      0.0      1.0      0.0
      0.1     -2.0      0.0      1.0      0.0
      0.1     -2.0      0.0      1.0      0.0
      0.1     -2.0      0.0      1.0      0.0
      0.1     -2.0      0.0      1.0      0.0
      0.1     -2.0      0.0      1.0      0.0
      0.1     -2.0      0.0      1.0      0.0
      0.1     -2.0      0.0      1.0      0.0
      0.1     -2.0      0.0      1.0      0.0
      0.1     -2.0      0.0      1.0      0.0
      0.1     -2.0   -2.446      1.0      0.0
      0.1     -2.0      0.0      1.0      0.0
      0.1     -2.0      0.0      1.0      0.0
      0.1     -2.0      0.0      1.0      0.0
      0.1     -2.0      0.0      1.0      0.0
      0.1     -2.0      0.0      1.0      0.0
      0.1     -2.0      0.0      1.0      0.0
      0.1     -2.0      0.0      1.0      0.0
      0.1     -2.0      0.0      1.0      0.0
      0.1     -2.0      0.0      1.0      0.0
      0.1     -2.0      0.0      1.0      0.0
      0.1     -2.0      0.0      1.0      0.0
      0.1     -2.0      0.0      1.0      0.0
      0.1     -2.0      0.0      1.0      0.0
      0.1     -2.0      0.0      1.0      0.0
      0.1     -2.0      0.0      1.0      0.0
      0.1     -2.0      0.0      1.0      0.0
      0.1     -2.0   -2.446      1.0      0.0
      0.1     -2.0      0.0      1.0      0.0
      0.1     -2.0      0.0      1.0      0.0
      0.1     -2.0      0.0      1.0      0.0
      0.1     -2.0      0.0      1.0      0.0
      0.1     -2.0      0.0      1.0      0.0
      0.1     -2.0      0.0      1.0      0.0
      0.1     -2.0      0.0      1.0      0.0
      0.1     -2.0      0.0      1.0      0.0
      0.1     -2.0      0.0      1.0      0.0
      0.1     -2.0      0.0      1.0      0.0
      0.1     -2.0      0.0      1.0      0.0
      0.1     -2.0      0.0      1.0      0.0
      0.1     -2.0      0.0      1.0      0.0
      0.1     -2.0      0.0      1.0      0.0
      0.1     -2.0      0.0      1.0      0.0
      0.1     -2.0      0.0      1.0      0.0
      0.1     -2.0      0.0      1.0      0.0
      0.1     -2.0      0.0      1.0      0.0
      0.1     -2.0      0.0      1.0      0.0
      0.1     -2.0      0.0      1.0      0.0
      0.1     -2.0   -2.446      1.0      0.0
      0.1     -2.0      0.0      1.0      0.0
      0.1     -2.0      0.0      1.0      0.0
      0.1     -2.0      0.0      1.0      0.0
      0.1     -2.0      0.0      1.0      0.0
      0.1     -2.0      0.0      1.0      0.0
      0.1     -2.0      0.0      1.0      0.0
      0.1     -2.0      0.0      1.0      0.0
      0.1     -2.0      0.0      1.0      0.0
      0.1     -2.0      0.0      1.0      0.0
      0.1     -2.0      0.0      1.0      0.0
      0.1     -2.0      0.0      1.0      0.0
      0.1     -2.0      0.0      1.0      0.0
      0.1     -2.0      0.0      1.0      0.0
      0.1     -2.0      0.0      1.0      0.0
      0.1     -2.0      0.0      1.0      0.0
      0.1     -2.0      0.0      1.0      0.0
      0.1     -2.0      0.0      1.0      0.0
      0.1     -2.0      0.0      1.0      0.0
      0.1     -2.0      0.0      1.0      0.0
      0.1     -2.0      0.0      1.0      0.0
      0.1     -2.0      0.0      1.0      0.0
      0.1     -2.0      0.0      1.0      0.0
      0.1     -2.0      0.0      1.0      0.0
      0.1     -2.0      0.0      1.0      0.0
      0.1     -2.0      0.0      1.0      0.0
      0.1     -2.0      0.0      1.0      0.0
      0.1     -2.0      0.0      1.0      0.0
      0.1     -2.0      0.0      1.0      0.0
      0.1     -2.0      0.0      1.0      0.0
      0.1     -2.0      0.0      1.0      0.0
      0.1     -2.0      0.0      1.0      0.0
      0.1     -2.0      0.0      1.0      0.0
      0.1     -2.0      0.0      1.0      0.0
      0.1     -2.0      0.0      1.0      0.0
      0.1     -2.0      0.0      1.0      0.0
      0.1     -2.0      0.0      1.0      0.0
      0.1     -2.0      0.0      1.0      0.0
      0.1     -2.0      0.0      1.0      0.0
      0.1     -2.0      0.0      1.0      0.0
      0.1     -2.0      0.0      1.0      0.0
      0.1     -2.0      0.0      1.0      0.0
      0.1     -2.0      0.0      1.0      0.0
      0.1     -2.0      0.0      1.0      0.0
      0.1     -2.0      0.0      1.0      0.0
      0.1     -2.0      0.0      1.0      0.0
      0.1     -2.0      0.0      1.0      0.0
      0.1     -2.0      0.0      1.0      0.0
      0.1     -2.0      0.0      1.0      0.0
      0.1     -2.0      0.0      1.0      0.0
      0.1     -2.0      0.0      1.0      0.0
      0.1     -2.0      0.0      1.0      0.0
      0.1     -2.0      0.0      1.0      0.0
      0.1     -2.0      0.0      1.0      0.0
      0.1     -2.0      0.0      1.0      0.0
      0.1     -2.0      0.0      1.0      0.0
      0.1     -2.0      0.0      1.0      0.0
      0.1     -2.0      0.0      1.0      0.0
      0.1     -2.0      0.0      1.0      0.0
      0.1     -2.0      0.0      1.0      0.0
      0.1     -2.0      0.0      1.0      0.0
      0.1     -2.0      0.0      1.0      0.0
      0.1     -2.0      0.0      1.0      0.0
      0.1     -2.0      0.0      1.0      0.0
      0.1     -2.0   -2.446      1.0      0.0
      0.1     -2.0      0.0      1.0      0.0
      0.1     -2.0      0.0      1.0      0.0
      0.1     -2.0      0.0      1.0      0.0
      0.1     -2.0      0.0      1.0      0.0
      0.1     -2.0      0.0      1.0      0.0
      0.1     -2.0      0.0      1.0      0.0
      0.1     -2.0      0.0      1.0      0.0
      0.1     -2.0      0.0      1.0      0.0
      0.1     -2.0      0.0      1.0      0.0
      0.1     -2.0      0.0      1.0      0.0
      0.1     -2.0      0.0      1.0      0.0
      0.1     -2.0      0.0      1.0      0.0
      0.1     -2.0      0.0      1.0      0.0
      0.1     -2.0      0.0      1.0      0.0
      0.1     -2.0      0.0      1.0      0.0
      0.1     -2.0      0.0      1.0      0.0
      0.1     -2.0      0.0      1.0      0.0
      0.1     -2.0      0.0      1.0      0.0
      0.1     -2.0      0.0      1.0      0.0
      0.1     -2.0      0.0      1.0      0.0
      0.1     -2.0      0.0      1.0      0.0
      0.1     -2.0      0.0      1.0      0.0
      0.1     -2.0      0.0      1.0      0.0
      0.1     -2.0      0.0      1.0      0.0
      0.1     -2.0      0.0      1.0      0.0
      0.1     -2.0      0.0      1.0      0.0
      0.1     -2.0      0.0      1.0      0.0
      0.1     -2.0      0.0      1.0      0.0
      0.1     -2.0      0.0      1.0      0.0
      0.1     -2.0      0.0      1.0      0.0
      0.1     -2.0      0.0      1.0      0.0
      0.1     -2.0      0.0      1.0      0.0
      0.1     -2.0      0.0      1.0      0.0
      0.1     -2.0      0.0      1.0      0.0
      0.1     -2.0      0.0      1.0      0.0
      0.1     -2.0   -2.446      1.0      0.0
      0.1     -2.0      0.0      1.0      0.0
      0.1     -2.0      0.0      1.0      0.0
      0.1     -2.0      0.0      1.0      0.0
      0.1     -2.0      0.0      1.0      0.0
      0.1     -2.0      0.0      1.0      0.0
      0.1     -2.0      0.0      1.0      0.0
      0.1     -2.0      0.0      1.0      0.0
      0.1     -2.0      0.0      1.0      0.0
      0.1     -2.0      0.0      1.0      0.0
      0.1     -2.0      0.0      1.0      0.0
      0.1     -2.0      0.0      1.0      0.0
      0.1     -2.0      0.0      1.0      0.0
      0.1     -2.0      0.0      1.0      0.0
      0.1     -2.0      0.0      1.0      0.0
      0.1     -2.0      0.0      1.0      0.0
      0.1     -2.0      0.0      1.0      0.0
      0.1     -2.0      0.0      1.0      0.0
      0.1     -2.0      0.0      1.0      0.0
      0.1     -2.0      0.0      1.0      0.0
      0.1     -2.0      0.0      1.0      0.0
      0.1     -2.0      0.0      1.0      0.0
      0.1     -2.0      0.0      1.0      0.0
      0.1     -2.0      0.0      1.0      0.0
      0.1     -2.0      0.0      1.0      0.0
      0.1     -2.0      0.0      1.0      0.0
      0.1     -2.0      0.0      1.0      0.0
      0.1     -2.0      0.0      1.0      0.0
      0.1     -2.0      0.0      1.0      0.0
      0.1     -2.0      0.0      1.0      0.0
      0.1     -2.0      0.0      1.0      0.0
      0.1     -2.0      0.0      1.0      0.0
      0.1     -2.0      0.0      1.0      0.0
      0.1     -2.0      0.0      1.0      0.0
      0.1     -2.0      0.0      1.0      0.0
      0.1     -2.0      0.0      1.0      0.0
      0.1     -2.0      0.0      1.0      0.0
      0.1     -2.0      0.0      1.0      0.0
      0.1     -2.0      0.0      1.0      0.0
      0.1     -2.0      0.0      1.0      0.0
      0.1     -2.0      0.0      1.0      0.0
      0.1     -2.0      0.0      1.0      0.0
      0.1     -2.0      0.0      1.0      0.0
      0.1     -2.0      0.0      1.0      0.0
      0.1     -2.0      0.0      1.0      0.0
      0.1     -2.0      0.0      1.0      0.0
      0.1     -2.0      0.0      1.0      0.0
      0.1     -2.0      0.0      1.0      0.0
      0.1     -2.0      0.0      1.0      0.0
      0.1     -2.0      0.0      1.0      0.0
      0.1     -2.0      0.0      1.0      0.0
      0.1     -2.0      0.0      1.0      0.0
      0.1     -2.0      0.0      1.0      0.0
      0.1     -2.0      0.0      1.0      0.0
      0.1     -2.0      0.0      1.0      0.0
      0.1     -2.0      0.0      1.0      0.0
      0.1     -2.0      0.0      1.0      0.0
      0.1     -2.0      0.0      1.0      0.0
      0.1     -2.0      0.0      1.0      0.0
      0.1     -2.0      0.0      1.0      0.0
      0.1     -2.0      0.0      1.0      0.0
      0.1     -2.0      0.0      1.0      0.0
      0.1     -2.0      0.0      1.0      0.0
      0.1     -2.0      0.0      1.0      0.0
      0.1     -2.0      0.0      1.0      0.0
      0.1     -2.0      0.0      1.0      0.0
      0.1     -2.0      0.0      1.0      0.0
      0.1     -2.0      0.0      1.0      0.0
      0.1     -2.0      0.0      1.0      0.0
      0.1     -2.0      0.0      1.0      0.0
      0.1     -2.0      0.0      1.0      0.0
      0.1     -2.0      0.0      1.0      0.0
      0.1     -2.0      0.0      1.0      0.0
      0.1     -2.0      0.0      1.0      0.0
      0.1     -2.0      0.0      1.0      0.0
      0.1     -2.0      0.0      1.0      0.0
      0.1     -2.0      0.0      1.0      0.0
      0.1     -2.0      0.0      1.0      0.0
      0.1     -2.0      0.0      1.0      0.0
      0.1     -2.0      0.0      1.0      0.0
      0.1     -2.0      0.0      1.0      0.0
      0.1     -2.0      0.0      1.0      0.0
      0.1     -2.0      0.0      1.0      0.0
      0.1     -2.0      0.0      1.0      0.0
      0.1     -2.0      0.0      1.0      0.0
      0.1     -2.0      0.0      1.0      0.0
      0.1     -2.0      0.0      1.0      0.0
      0.1     -2.0      0.0      1.0      0.0
      0.1     -2.0      0.0      1.0      0.0
      0.1     -2.0      0.0      1.0      0.0
      0.1     -2.0      0.0      1.0      0.0
      0.1     -2.0      0.0      1.0      0.0
      0.1     -2.0      0.0      1.0      0.0
      0.1     -2.0      0.0      1.0      0.0
      0.1     -2.0      0.0      1.0      0.0
      0.1     -2.0      0.0      1.0      0.0
      0.1     -2.0      0.0      1.0      0.0
      0.1     -2.0      0.0      1.0      0.0
      0.1     -2.0      0.0      1.0      0.0
      0.1     -2.0      0.0      1.0      0.0
      0.1     -2.0      0.0      1.0      0.0
      0.1     -2.0   -2.446      1.0      0.0
      0.1     -2.0      0.0      1.0      0.0
      0.1     -2.0      0.0      1.0      0.0
      0.1     -2.0      0.0      1.0      0.0
      0.1     -2.0      0.0      1.0      0.0
      0.1     -2.0      0.0      1.0      0.0
      0.1     -2.0      0.0      1.0      0.0
      0.1     -2.0      0.0      1.0      0.0
      0.1     -2.0      0.0      1.0      0.0
      0.1     -2.0      0.0      1.0      0.0
      0.1     -2.0      0.0      1.0      0.0
      0.1     -2.0      0.0      1.0      0.0
      0.1     -2.0      0.0      1.0      0.0
      0.1     -2.0      0.0      1.0      0.0
      0.1     -2.0      0.0      1.0      0.0
      0.1     -2.0      0.0      1.0      0.0
      0.1     -2.0      0.0      1.0      0.0
      0.1     -2.0      0.0      1.0      0.0
      0.1     -2.0      0.0      1.0      0.0
      0.1     -2.0      0.0      1.0      0.0
      0.1     -2.0      0.0      1.0      0.0
      0.1     -2.0      0.0      1.0      0.0
      0.1     -2.0      0.0      1.0      0.0
      0.1     -2.0      0.0      1.0      0.0
      0.1     -2.0      0.0      1.0      0.0
      0.1     -2.0      0.0      1.0      0.0
      0.1     -2.0      0.0      1.0      0.0
      0.1     -2.0      0.0      1.0      0.0
      0.1     -2.0   -2.446      1.0      0.0
      0.1     -2.0      0.0      1.0      0.0
      0.1     -2.0      0.0      1.0      0.0
      0.1     -2.0      0.0      1.0      0.0
      0.1     -2.0   -2.446      1.0      0.0
      0.1     -2.0      0.0      1.0      0.0
      0.1     -2.0      0.0      1.0      0.0
      0.1     -2.0      0.0      1.0      0.0
      0.1     -2.0      0.0      1.0      0.0
      0.1     -2.0      0.0      1.0      0.0
      0.1     -2.0      0.0      1.0      0.0
      0.1     -2.0      0.0      1.0      0.0
      0.1     -2.0      0.0      1.0      0.0
      0.1     -2.0      0.0      1.0      0.0
      0.1     -2.0      0.0      1.0      0.0
      0.1     -2.0      0.0      1.0      0.0
      0.1     -2.0      0.0      1.0      0.0
      0.1     -2.0      0.0      1.0      0.0
      0.1     -2.0      0.0      1.0      0.0
      0.1     -2.0      0.0      1.0      0.0
      0.1     -2.0      0.0      1.0      0.0
      0.1     -2.0      0.0      1.0      0.0
      0.1     -2.0      0.0      1.0      0.0
      0.1     -2.0      0.0      1.0      0.0
      0.1     -2.0      0.0      1.0      0.0
      0.1     -2.0   -2.446      1.0   -0.061
      0.1     -2.0      0.0      1.0      0.0
      0.1     -2.0      0.0      1.0      0.0
      0.1     -2.0      0.0      1.0      0.0

