# cooling from kT =2.5 to kT = 2.0
# using Delta T = 0.001 and 60 averages per Temperature step
#      T        E        C        M       Chi
      2.5   -1.106    0.918      0.0   23.947
    2.499   -1.106    0.998   -0.013    7.973
    2.498    -1.11    0.931   -0.012   33.262
    2.497   -1.109    0.449    -0.02   31.538
    2.496   -1.112    0.827   -0.026   22.872
    2.495   -1.112    0.829   -0.025   21.717
    2.494    -1.11    0.728   -0.026   49.266
    2.493    -1.11    1.205    0.002   17.504
    2.492   -1.113    0.723   -0.022   13.259
    2.491   -1.108     0.68    0.016   14.521
     2.49   -1.114    0.758   -0.002    8.638
    2.489   -1.115     0.74    0.004    7.786
    2.488   -1.118     0.81   -0.011   11.103
    2.487   -1.118    1.149   -0.026   24.548
    2.486   -1.119    0.954   -0.027   18.532
    2.485   -1.116    0.996    0.029   17.187
    2.484   -1.122    0.981   -0.027   53.925
    2.483   -1.119    0.617   -0.038   21.555
    2.482    -1.12    0.888    0.013   22.155
    2.481    -1.12    0.809   -0.014   13.479
     2.48   -1.125    0.636   -0.003    8.867
    2.479   -1.124    0.525      0.0   19.185
    2.478   -1.125    0.777    0.005   29.406
    2.477   -1.126    1.531    0.021    29.37
    2.476   -1.127    1.119    0.006    6.292
    2.475   -1.126    0.827    0.012   36.268
    2.474   -1.132    1.117   -0.031    8.854
    2.473   -1.131    0.878   -0.031    7.876
    2.472   -1.132    0.621   -0.024   14.972
    2.471   -1.132    0.655   -0.019    7.027
     2.47   -1.133    1.021   -0.031   41.617
    2.469   -1.134    0.877      0.0   14.135
    2.468   -1.134    0.819   -0.025    6.168
    2.467   -1.134    0.744   -0.003   41.027
    2.466   -1.137    0.873   -0.006   14.215
    2.465   -1.138    1.007   -0.006    39.57
    2.464   -1.138    0.945   -0.016     8.49
    2.463   -1.135    0.714   -0.002   15.532
    2.462    -1.14    0.862     0.04    5.731
    2.461   -1.142    0.743    0.021   15.079
     2.46   -1.141    0.754    0.031   13.008
    2.459    -1.14    0.902    0.021   24.013
    2.458   -1.143    1.095     0.02   28.353
    2.457   -1.146    1.084   -0.016   52.195
    2.456   -1.149    0.852   -0.012   21.525
    2.455   -1.149    0.899   -0.004    15.55
    2.454    -1.15    1.052    0.049    9.373
    2.453   -1.153    1.169    0.025   39.406
    2.452   -1.155    0.928    0.026    13.41
    2.451   -1.157    0.468    0.039   28.816
     2.45   -1.146    0.772    0.021    7.137
    2.449   -1.153    0.718   -0.006   12.734
    2.448   -1.154    0.753   -0.051   13.915
    2.447   -1.156    0.789   -0.022     9.01
    2.446   -1.156    0.605    0.003    4.374
    2.445   -1.157      0.9      0.0   28.731
    2.444   -1.157    0.999    0.016    5.567
    2.443    -1.16     1.01    0.007   14.035
    2.442   -1.159    0.775   -0.025   10.733
    2.441   -1.159    1.168    0.031    9.717
     2.44   -1.161    1.095      0.0  127.622
    2.439   -1.165    0.781   -0.007    6.425
    2.438   -1.162    1.142   -0.016   13.369
    2.437   -1.166    0.941    0.027    6.704
    2.436   -1.165    0.911    0.009    7.079
    2.435   -1.161    0.809   -0.024   45.894
    2.434   -1.167    1.146    0.011   74.919
    2.433   -1.172    0.769    0.022   27.913
    2.432   -1.172    0.945   -0.035   17.292
    2.431   -1.166    1.118   -0.046    4.931
     2.43   -1.173    0.922   -0.057   15.565
    2.429   -1.174    0.614   -0.015   26.043
    2.428   -1.174    1.614    0.009    7.962
    2.427   -1.172    0.712    0.014   19.553
    2.426   -1.176    1.016     0.01   15.967
    2.425   -1.176    0.869    0.042   41.167
    2.424   -1.177    0.691    0.017   14.243
    2.423   -1.179     0.75   -0.053    13.27
    2.422   -1.181    0.947    0.022   39.573
    2.421   -1.179    0.904   -0.036   34.189
     2.42   -1.179    0.842   -0.072   70.547
    2.419   -1.184    0.801    0.027   15.192
    2.418    -1.18    0.914    0.025   12.169
    2.417    -1.18    0.649    0.029   28.473
    2.416   -1.188    0.681    0.004   10.826
    2.415   -1.189    0.965   -0.051    5.259
    2.414   -1.191    0.754   -0.028   13.577
    2.413   -1.188    0.908   -0.007   37.595
    2.412   -1.193    0.679    0.005   15.632
    2.411   -1.198    1.098    0.043     8.15
     2.41   -1.195    0.836    0.089   20.454
    2.409   -1.192    1.105    0.061   23.742
    2.408   -1.198    1.067    0.022   12.577
    2.407   -1.201    0.604    0.009   46.102
    2.406     -1.2    1.469    0.071   15.088
    2.405   -1.195    1.036    0.001    6.884
    2.404     -1.2    0.904    0.013   12.564
    2.403   -1.205    1.108    0.039   12.435
    2.402     -1.2    1.213    0.043   20.845
    2.401   -1.202      0.8   -0.001    9.028
      2.4     -1.2    1.009    0.036    8.193
    2.399   -1.207     0.92    0.032    7.052
    2.398   -1.211    0.734    0.009    7.884
    2.397   -1.208    1.269   -0.027   13.502
    2.396   -1.212    0.859    -0.04   13.403
    2.395   -1.213    0.763   -0.034   18.631
    2.394   -1.214    0.888    0.009    7.882
    2.393   -1.211    0.927    0.003   16.283
    2.392   -1.214    0.992    0.002   36.987
    2.391   -1.211    1.532    0.041    7.114
     2.39   -1.212    1.019   -0.009   12.912
    2.389   -1.219    0.877   -0.045   14.146
    2.388   -1.219    0.882   -0.043   17.724
    2.387    -1.22    0.985   -0.074    6.702
    2.386   -1.218    0.735   -0.006   78.551
    2.385   -1.222    1.067    0.012   14.867
    2.384   -1.225    1.151   -0.014    9.527
    2.383    -1.22    1.163    0.034   17.295
    2.382   -1.222    1.569   -0.022    5.668
    2.381   -1.221    0.973   -0.015   11.122
     2.38   -1.226    1.302    0.008   16.761
    2.379   -1.228    1.066    0.028   17.678
    2.378   -1.232    0.824    0.012   17.893
    2.377   -1.227    0.901    0.035    7.619
    2.376   -1.228    1.131   -0.004    17.59
    2.375   -1.236    0.956   -0.016   11.954
    2.374   -1.235    1.033   -0.021   14.118
    2.373   -1.233     1.66    -0.01     6.42
    2.372   -1.237    1.167    0.002    8.367
    2.371   -1.239     1.09    0.047   14.151
     2.37   -1.236    0.832    -0.02   64.412
    2.369   -1.243    0.959   -0.044    22.36
    2.368   -1.241    1.115      0.0   14.735
    2.367   -1.247     0.72    0.042   17.512
    2.366   -1.245      0.9    0.038   16.441
    2.365   -1.241    1.048     0.09   10.239
    2.364   -1.249    1.051    0.062   20.048
    2.363   -1.241    1.301    0.031    7.665
    2.362   -1.249    0.688    0.085   37.839
    2.361   -1.251    1.203    0.066   11.462
     2.36   -1.259    0.815    0.129   48.755
    2.359   -1.256    1.455    0.117   11.953
    2.358   -1.252    0.796    0.012   40.531
    2.357   -1.253     1.24    -0.02   21.117
    2.356   -1.253    0.998     0.04   10.189
    2.355    -1.26    1.098    0.005   18.794
    2.354    -1.26    1.148   -0.009    8.371
    2.353   -1.259    1.034   -0.023   10.092
    2.352   -1.258    0.869   -0.042    9.842
    2.351   -1.262    1.523   -0.001     3.96
     2.35   -1.264    0.952    -0.01   24.489
    2.349   -1.269    1.097   -0.037      9.1
    2.348   -1.262    0.992   -0.036   24.256
    2.347   -1.267     1.05   -0.056   28.019
    2.346   -1.266    0.693   -0.075    7.579
    2.345   -1.269    0.888   -0.054   21.806
    2.344   -1.274    1.347   -0.038   11.859
    2.343   -1.266    1.159   -0.036   45.761
    2.342   -1.277    1.728    0.026   37.802
    2.341   -1.274    1.306    0.049    8.102
     2.34   -1.277    1.302     0.01    3.237
    2.339   -1.275    0.863   -0.028     52.0
    2.338   -1.274    1.705   -0.091   10.032
    2.337   -1.286    1.162   -0.009   47.963
    2.336   -1.284    1.047     0.03    6.032
    2.335   -1.279    0.998    0.067   38.191
    2.334   -1.283    1.107    0.085    21.68
    2.333   -1.288    1.355    0.096   17.589
    2.332   -1.289    1.125    0.055    7.754
    2.331   -1.287     1.18     0.11    5.044
     2.33    -1.29    2.172    0.103   20.183
    2.329   -1.289    1.398    0.096    8.459
    2.328   -1.289     0.95    0.073   11.298
    2.327   -1.287    1.134   -0.057   92.342
    2.326   -1.304    1.036   -0.091    54.41
    2.325   -1.305    0.824   -0.038   25.987
    2.324   -1.312    1.182   -0.029   10.306
    2.323   -1.305    1.612   -0.027    4.886
    2.322   -1.302    1.323    0.011   16.532
    2.321   -1.307    0.842   -0.003   24.423
     2.32   -1.306    1.589    0.042   98.032
    2.319   -1.311    0.828    0.087   11.982
    2.318   -1.312    0.981    0.053   18.753
    2.317   -1.309    0.859   -0.017    9.681
    2.316   -1.299    0.668   -0.029   11.147
    2.315    -1.32    1.301   -0.001    8.312
    2.314   -1.318    0.804   -0.032   31.444
    2.313   -1.318    1.326   -0.073    8.955
    2.312   -1.317    1.224   -0.079    3.997
    2.311   -1.328    1.212   -0.086    7.913
     2.31   -1.332    1.103   -0.079    6.641
    2.309    -1.33    0.959    -0.06   12.081
    2.308    -1.33    1.421   -0.013    9.513
    2.307   -1.336    1.202   -0.022   12.605
    2.306   -1.332     0.72    0.026     6.67
    2.305   -1.323    1.061    0.002    31.82
    2.304   -1.328    1.871   -0.025    7.574
    2.303   -1.329    0.895   -0.031    9.905
    2.302    -1.33    1.369   -0.097    5.263
    2.301   -1.327    1.583   -0.072    4.808
      2.3   -1.336    0.849   -0.034    5.583
    2.299   -1.337    1.967   -0.018    3.972
    2.298   -1.356    1.258    0.001    6.185
    2.297   -1.342    1.755    0.037    3.843
    2.296   -1.349    1.399    0.072   24.022
    2.295   -1.351    0.718    0.085    7.073
    2.294    -1.36     1.32     0.14    5.234
    2.293   -1.355     1.54    0.124    3.643
    2.292   -1.365      1.7    0.134    25.39
    2.291   -1.369    1.158    0.166     9.63
     2.29   -1.369    1.197    0.171    9.087
    2.289    -1.37    1.226    0.156    6.192
    2.288   -1.368    1.264    0.153    8.206
    2.287   -1.367    1.268    0.167    7.522
    2.286   -1.361    1.337    0.131    7.707
    2.285   -1.366    2.254    0.112    5.732
    2.284   -1.374    1.766    0.141    14.22
    2.283   -1.367    1.152    0.119   23.286
    2.282   -1.367    1.005    0.096    3.203
    2.281   -1.368    1.791    0.115   15.235
     2.28   -1.377    1.918     0.23   43.295
    2.279   -1.384    1.349    0.256    3.266
    2.278   -1.387    1.824    0.277    9.488
    2.277   -1.386    1.184    0.259   11.681
    2.276   -1.383    1.006    0.287   14.263
    2.275   -1.385    0.931    0.333   11.715
    2.274    -1.39     1.46    0.314    18.69
    2.273   -1.402    1.184    0.288   18.827
    2.272   -1.395    1.249    0.271    3.107
    2.271   -1.394    1.997    0.272    3.354
     2.27   -1.403    1.023    0.267   25.426
    2.269   -1.408    1.266    0.319    4.152
    2.268   -1.414    0.847    0.353    5.929
    2.267   -1.406     1.04    0.342     5.81
    2.266    -1.41    1.122    0.383   35.273
    2.265   -1.419    1.469    0.425    5.006
    2.264   -1.422    1.079     0.48    7.139
    2.263   -1.436    1.536    0.532   13.885
    2.262   -1.442    1.305    0.547    6.011
    2.261   -1.437    1.113    0.565    4.977
     2.26   -1.432    1.892    0.573    4.063
    2.259   -1.442    1.244     0.58    6.111
    2.258   -1.431    1.759    0.531   13.369
    2.257   -1.438    1.426    0.528    9.862
    2.256    -1.44    1.399    0.558    5.219
    2.255   -1.439    1.816    0.552    6.591
    2.254   -1.442    1.847    0.554    6.294
    2.253   -1.445    1.684    0.589    6.931
    2.252   -1.447    1.136     0.59    8.756
    2.251   -1.445    1.106    0.585   11.465
     2.25   -1.456    1.169    0.633   18.866
    2.249   -1.468    1.304    0.672    8.027
    2.248   -1.468    1.159    0.688    2.821
    2.247   -1.471    0.894    0.704    1.458
    2.246   -1.474    1.326     0.71    4.913
    2.245   -1.478    1.468    0.712     5.08
    2.244    -1.47    1.829    0.684    6.773
    2.243   -1.481    1.505    0.704    5.111
    2.242   -1.478    1.365    0.674    6.487
    2.241   -1.476    1.439    0.679    4.102
     2.24   -1.485    1.282    0.693    2.991
    2.239   -1.485    1.088    0.699    3.731
    2.238   -1.491     1.57    0.704    5.258
    2.237   -1.483    1.474    0.689    6.123
    2.236   -1.486    0.873    0.708     3.34
    2.235   -1.491    1.379     0.72    2.865
    2.234   -1.487    1.066    0.704    2.285
    2.233   -1.494    1.391    0.721    2.158
    2.232   -1.496    1.196    0.723    8.545
    2.231   -1.503     1.31    0.747    1.587
     2.23   -1.497     1.07    0.729    3.756
    2.229   -1.502    1.342    0.741    3.712
    2.228   -1.495     0.83    0.713    5.457
    2.227     -1.5    1.112    0.728      3.3
    2.226   -1.509    0.975    0.743    2.186
    2.225   -1.507    1.011    0.738    4.191
    2.224   -1.503    1.182    0.734    3.713
    2.223   -1.515    1.517     0.76    4.475
    2.222   -1.517    1.385    0.757    3.006
    2.221   -1.516    1.535    0.758    3.774
     2.22   -1.515    1.698     0.75    3.918
    2.219   -1.513    1.386    0.749    2.227
    2.218   -1.515    0.845    0.748    1.914
    2.217   -1.519    1.433    0.753    1.672
    2.216   -1.523    1.265    0.758    4.365
    2.215   -1.527    1.067    0.769    3.464
    2.214   -1.532    1.739    0.779    3.091
    2.213   -1.524    1.286    0.758     2.38
    2.212   -1.528    1.142    0.766    2.788
    2.211   -1.536    0.858    0.781     2.25
     2.21   -1.531    0.914    0.775    2.628
    2.209   -1.531     0.76    0.772    1.362
    2.208   -1.531    1.465    0.766    4.226
    2.207   -1.535    1.394    0.772    4.244
    2.206   -1.541    1.689    0.782    4.285
    2.205   -1.537    1.049    0.776     1.67
    2.204   -1.538    0.975    0.779     1.84
    2.203   -1.545     1.21    0.788    2.604
    2.202   -1.547    0.747    0.789    3.019
    2.201   -1.547    0.856    0.786    1.459
      2.2   -1.543    1.248    0.782    4.536
    2.199   -1.546    1.166    0.772    2.324
    2.198   -1.548    0.937    0.781    2.106
    2.197   -1.553    1.118    0.794    2.068
    2.196   -1.552    1.621    0.791    3.849
    2.195   -1.552    0.868     0.79    1.474
    2.194   -1.557    1.245    0.798    2.124
    2.193    -1.56    0.979      0.8    2.242
    2.192   -1.556    0.988    0.795    2.268
    2.191   -1.556    1.144    0.789     2.44
     2.19   -1.557    1.311    0.792    3.027
    2.189   -1.564    1.144    0.802    1.822
    2.188    -1.56    1.086      0.8     1.68
    2.187   -1.562    1.148    0.799    2.092
    2.186   -1.567    1.259    0.803    2.831
    2.185   -1.566    1.327    0.807    1.959
    2.184   -1.573    0.954    0.814    0.972
    2.183   -1.574    1.222    0.812    1.468
    2.182   -1.572    1.259    0.807    1.937
    2.181   -1.572    0.987    0.808    2.263
     2.18   -1.574    1.107    0.812     1.38
    2.179   -1.577    1.231    0.814    1.215
    2.178   -1.579    1.062    0.817    1.693
    2.177   -1.579    1.358    0.816    1.357
    2.176   -1.582     0.78     0.82    1.034
    2.175    -1.58    1.841    0.808    4.097
    2.174    -1.58    1.046    0.812    1.294
    2.173   -1.585    1.689    0.821    1.936
    2.172   -1.585    1.027    0.819     1.94
    2.171   -1.585    0.836    0.819    0.845
     2.17   -1.584    1.309     0.82    1.629
    2.169   -1.588    1.404    0.821    2.656
    2.168   -1.586    1.088    0.816    3.239
    2.167   -1.593     1.49    0.826    2.746
    2.166   -1.593    0.829    0.824    1.587
    2.165   -1.588    1.133    0.816    2.232
    2.164   -1.596    0.883    0.826    1.879
    2.163   -1.597    1.548    0.828    1.861
    2.162   -1.595    0.994    0.825    1.146
    2.161   -1.595    1.173    0.823    2.513
     2.16   -1.599    1.201    0.829     2.54
    2.159   -1.599    0.871    0.828    1.093
    2.158   -1.601    0.846     0.83    1.032
    2.157     -1.6    1.225    0.828     1.37
    2.156   -1.603    1.026    0.831    1.132
    2.155   -1.604    1.217    0.831    1.697
    2.154   -1.608     1.16    0.836    1.474
    2.153   -1.609    0.997    0.839    1.318
    2.152    -1.61    1.162    0.837    1.737
    2.151   -1.608    0.788    0.835     0.89
     2.15   -1.609    0.656    0.835    1.004
    2.149   -1.607    0.795    0.833    0.985
    2.148    -1.61    0.901    0.836    1.253
    2.147   -1.614    1.008    0.839    1.162
    2.146   -1.614    0.887    0.841    0.878
    2.145   -1.621    0.994    0.846    0.659
    2.144    -1.62    1.107    0.846    1.324
    2.143    -1.62    0.756    0.843    0.853
    2.142    -1.62    0.912    0.843    0.848
    2.141    -1.62    1.105    0.842     1.08
     2.14   -1.619    0.988    0.842    1.466
    2.139   -1.622    1.321    0.845    1.447
    2.138   -1.626    0.797    0.847    1.093
    2.137   -1.626    0.782    0.848    0.813
    2.136   -1.626    0.874    0.847     0.61
    2.135   -1.625    0.928    0.844    0.874
    2.134    -1.63    1.203    0.849    1.161
    2.133    -1.63     1.07    0.849    2.165
    2.132   -1.631    1.141    0.851    0.777
    2.131   -1.632    1.277    0.852    1.642
     2.13    -1.63    0.874    0.848    1.562
    2.129   -1.631     1.02     0.85    1.008
    2.128    -1.63    1.037    0.848    1.046
    2.127   -1.635    0.973    0.852    0.983
    2.126   -1.635    0.963    0.853    0.806
    2.125   -1.638    0.878    0.856    0.866
    2.124   -1.639    1.421    0.855    1.483
    2.123    -1.64    0.787    0.856    0.971
    2.122    -1.64    0.799    0.856    0.672
    2.121   -1.639     0.99    0.852    1.332
     2.12   -1.641    1.051    0.855      1.2
    2.119   -1.642    0.937    0.857    0.941
    2.118   -1.644    0.873    0.858    0.843
    2.117   -1.647    0.923    0.859    0.812
    2.116   -1.645    1.147    0.858    1.136
    2.115   -1.647    0.744     0.86    0.983
    2.114   -1.649    1.117    0.861    0.943
    2.113    -1.65    0.674    0.862     0.81
    2.112   -1.651    1.157    0.862     1.39
    2.111   -1.651    0.812    0.861    1.249
     2.11   -1.652    0.967    0.861    0.852
    2.109    -1.65    1.056    0.859    0.748
    2.108   -1.655    0.875    0.865    0.934
    2.107   -1.655    1.323    0.863    1.196
    2.106   -1.657    0.921    0.866     0.68
    2.105   -1.658    0.469    0.867    0.311
    2.104   -1.657    0.962    0.866    1.105
    2.103   -1.662     0.88    0.869    0.622
    2.102    -1.66    0.941    0.867    0.748
    2.101   -1.663    0.604    0.869    0.568
      2.1   -1.663     0.86     0.87    0.481
    2.099   -1.662    0.661    0.869    0.673
    2.098   -1.665    0.806    0.871    0.621
    2.097   -1.665    0.606    0.871    0.665
    2.096   -1.666    1.008    0.871     0.77
    2.095   -1.666    0.786    0.871    0.844
    2.094   -1.667    1.188    0.872    1.051
    2.093   -1.668    1.173    0.872    1.049
    2.092    -1.67    0.771    0.873    0.696
    2.091   -1.669    0.739    0.871    0.638
     2.09   -1.673    1.238    0.875    0.811
    2.089   -1.671    1.037    0.873    0.647
    2.088   -1.675    0.853    0.876    0.706
    2.087   -1.674    1.033    0.875    0.847
    2.086   -1.675    0.579    0.875     0.32
    2.085   -1.676    0.613    0.876    0.634
    2.084   -1.678    0.867    0.878    0.657
    2.083    -1.68    0.761     0.88    0.593
    2.082   -1.678    0.717    0.877    0.737
    2.081   -1.679    0.938    0.877    0.902
     2.08   -1.681    0.758    0.879    0.459
    2.079   -1.682    0.934    0.881    0.703
    2.078    -1.68    1.122     0.88    0.968
    2.077   -1.684    0.992    0.881    1.266
    2.076   -1.688    0.948    0.884    0.686
    2.075   -1.687    0.858    0.883    0.778
    2.074   -1.685    0.762    0.881    0.684
    2.073   -1.686    0.973    0.881    0.832
    2.072    -1.69    0.701    0.884    0.398
    2.071    -1.69    0.781    0.885    0.319
     2.07    -1.69    1.102    0.884    0.795
    2.069   -1.691     0.96    0.886    0.621
    2.068    -1.69    0.944    0.884    0.559
    2.067   -1.691    0.527    0.885    0.399
    2.066   -1.693    0.906    0.886    0.539
    2.065   -1.693    0.757    0.886    0.498
    2.064   -1.696    0.953    0.888    0.602
    2.063   -1.694    0.948    0.885    0.682
    2.062   -1.697    0.984    0.888    0.635
    2.061   -1.697    0.962    0.888    0.502
     2.06   -1.696     0.79    0.887    0.436
    2.059   -1.699    0.571    0.889    0.502
    2.058   -1.702    0.826    0.891      0.6
    2.057   -1.698    0.752    0.888    0.556
    2.056   -1.702     1.03    0.891    0.577
    2.055   -1.704    0.718    0.892     0.44
    2.054   -1.703    1.125     0.89    0.709
    2.053   -1.706      0.9    0.894    0.617
    2.052   -1.706    1.023    0.892    0.566
    2.051   -1.706    0.756    0.892    0.444
     2.05   -1.708    0.803    0.893    0.558
    2.049    -1.71    0.851    0.895    0.594
    2.048    -1.71    0.741    0.894    0.436
    2.047   -1.712    0.508    0.896    0.362
    2.046   -1.709    0.941    0.893     0.75
    2.045   -1.711    0.813    0.896    0.371
    2.044   -1.713     0.72    0.896    0.371
    2.043   -1.712    0.703    0.895    0.572
    2.042   -1.713    0.745    0.895    0.683
    2.041   -1.715    0.799    0.897    0.435
     2.04   -1.714      0.7    0.896    0.417
    2.039   -1.714    0.794    0.897    0.489
    2.038   -1.719    0.901    0.899    0.495
    2.037   -1.717    0.684    0.897    0.453
    2.036   -1.718    0.702    0.898    0.553
    2.035   -1.719    0.868    0.899    0.502
    2.034   -1.721    0.704      0.9    0.418
    2.033   -1.721    0.894      0.9    0.463
    2.032   -1.721    0.758      0.9    0.494
    2.031   -1.724    0.878    0.902    0.599
     2.03   -1.724    0.635    0.901    0.464
    2.029   -1.723    1.064    0.901    0.621
    2.028   -1.725    0.482    0.901    0.374
    2.027   -1.726    0.774    0.902     0.51
    2.026   -1.725    0.697    0.902    0.426
    2.025   -1.727    0.567    0.902    0.353
    2.024   -1.728    0.938    0.904    0.483
    2.023   -1.728    0.628    0.903    0.342
    2.022   -1.731    0.694    0.904    0.351
    2.021    -1.73    0.629    0.904    0.339
     2.02    -1.73    0.654    0.904    0.457
    2.019    -1.73    0.744    0.904    0.321
    2.018   -1.732    0.589    0.905    0.342
    2.017   -1.734    0.631    0.906     0.27
    2.016   -1.733    0.957    0.906    0.437
    2.015   -1.734    0.711    0.906    0.483
    2.014   -1.735    0.651    0.907     0.31
    2.013   -1.737    0.924    0.908    0.431
    2.012   -1.737    0.526    0.907    0.304
    2.011   -1.737    0.678    0.907    0.499
     2.01   -1.737     0.49    0.907    0.283
    2.009   -1.737    0.697    0.907     0.42
    2.008    -1.74    0.595    0.909    0.311
    2.007   -1.741    0.832     0.91    0.478
    2.006   -1.741     0.48    0.909    0.226
    2.005   -1.742    0.694     0.91    0.372
    2.004   -1.742    0.676    0.909    0.363
    2.003   -1.743    0.665     0.91      0.4
    2.002   -1.743    0.806     0.91    0.431
    2.001   -1.744    0.593     0.91    0.321
      2.0   -1.747     0.85    0.912    0.459
    1.999   -1.746    0.741    0.912    0.315
    1.998   -1.748    0.827    0.912    0.425
    1.997   -1.749    0.656    0.913    0.478
    1.996    -1.75    0.553    0.913    0.291
    1.995    -1.75    0.535    0.913    0.322
    1.994   -1.749    0.788    0.913    0.368
    1.993   -1.749    0.665    0.913    0.344
    1.992   -1.753    0.721    0.915    0.295
    1.991   -1.751    0.845    0.913    0.476
     1.99   -1.753    0.741    0.915     0.32
    1.989   -1.753     0.55    0.914    0.311
    1.988   -1.754    0.749    0.915    0.403
    1.987   -1.753    0.768    0.915      0.4
    1.986   -1.754    0.713    0.915    0.391
    1.985   -1.755    0.683    0.916    0.311
    1.984   -1.758    0.553    0.917    0.262
    1.983   -1.756    0.977    0.916    0.568
    1.982   -1.756    0.685    0.915    0.336
    1.981   -1.759    0.723    0.917    0.318
     1.98   -1.759    0.493    0.918    0.269
    1.979   -1.759    0.531    0.917    0.263
    1.978   -1.761      0.5    0.918    0.247
    1.977   -1.762    0.532    0.918    0.275
    1.976   -1.762    0.896    0.919    0.393
    1.975   -1.765    0.778     0.92    0.486
    1.974   -1.765    0.402     0.92    0.201
    1.973   -1.763    0.742    0.919    0.344
    1.972   -1.765    0.774     0.92    0.279
    1.971   -1.767    0.598    0.921     0.31
     1.97   -1.765    0.624     0.92    0.338
    1.969   -1.768    0.681    0.922    0.332
    1.968   -1.767    0.663    0.921    0.336
    1.967   -1.766     0.67     0.92    0.289
    1.966   -1.769    0.715    0.921    0.324
    1.965   -1.771    0.596    0.922     0.28
    1.964   -1.771    0.679    0.923    0.286
    1.963   -1.772    0.679    0.923    0.293
    1.962   -1.771    0.655    0.923    0.318
    1.961   -1.772     0.63    0.923    0.253
     1.96   -1.773    0.529    0.923    0.247
    1.959   -1.775    0.739    0.924    0.231
    1.958   -1.776    0.625    0.925    0.297
    1.957   -1.774    0.683    0.924    0.297
    1.956   -1.776    0.691    0.924    0.285
    1.955   -1.776    0.442    0.925    0.191
    1.954   -1.777    0.589    0.925    0.254
    1.953   -1.778    0.629    0.925    0.272
    1.952   -1.778    0.539    0.926    0.213
    1.951    -1.78     0.63    0.927    0.207
     1.95    -1.78    0.656    0.927    0.226
    1.949    -1.78    0.657    0.926    0.314
    1.948    -1.78    0.638    0.926    0.242
    1.947   -1.781    0.368    0.927    0.198
    1.946   -1.782    0.795    0.927    0.314
    1.945   -1.783    0.608    0.928    0.252
    1.944   -1.782    0.421    0.927    0.195
    1.943   -1.783    0.505    0.927    0.236
    1.942   -1.786    0.493    0.929    0.236
    1.941   -1.785    0.786    0.929    0.328
     1.94   -1.786    0.605    0.929    0.224
    1.939   -1.787    0.644    0.929    0.287
    1.938   -1.787    0.469    0.929    0.221
    1.937   -1.787    0.809    0.929    0.313
    1.936   -1.789    0.411     0.93    0.174
    1.935   -1.789    0.477     0.93    0.218
    1.934   -1.789    0.458     0.93     0.19
    1.933   -1.789    0.687     0.93    0.278
    1.932    -1.79    0.695     0.93    0.275
    1.931   -1.792    0.682    0.931    0.279
     1.93   -1.792    0.565    0.932    0.187
    1.929   -1.791    0.789    0.931     0.33
    1.928   -1.793    0.796    0.931     0.33
    1.927   -1.794    0.606    0.932    0.203
    1.926   -1.793    0.514    0.932    0.194
    1.925   -1.794    0.475    0.932    0.162
    1.924   -1.795    0.555    0.932     0.21
    1.923   -1.797    0.476    0.934    0.146
    1.922   -1.797    0.517    0.933    0.188
    1.921   -1.796    0.537    0.933    0.166
     1.92   -1.797    0.617    0.933    0.271
    1.919   -1.798    0.545    0.934    0.147
    1.918   -1.799    0.532    0.934    0.201
    1.917   -1.799    0.553    0.934    0.223
    1.916   -1.799     0.66    0.934    0.268
    1.915   -1.801    0.587    0.935    0.163
    1.914   -1.802    0.528    0.935    0.272
    1.913   -1.801    0.628    0.935    0.205
    1.912   -1.803    0.723    0.935    0.227
    1.911   -1.804     0.65    0.936    0.234
     1.91   -1.804    0.637    0.936    0.211
    1.909   -1.804     0.45    0.936    0.163
    1.908   -1.805    0.618    0.937    0.183
    1.907   -1.805    0.659    0.936    0.237
    1.906   -1.807    0.545    0.937    0.189
    1.905   -1.806    0.667    0.937    0.244
    1.904   -1.806    0.553    0.937    0.186
    1.903   -1.807     0.54    0.937    0.151
    1.902   -1.809    0.588    0.938    0.193
    1.901    -1.81    0.494    0.938    0.183
      1.9   -1.809    0.501    0.938    0.167
    1.899    -1.81     0.57    0.938     0.18
    1.898   -1.811    0.618    0.939    0.219
    1.897   -1.813    0.653     0.94      0.2
    1.896    -1.81    0.681    0.939    0.239
    1.895   -1.813     0.45     0.94    0.165
    1.894   -1.812    0.457     0.94    0.161
    1.893   -1.813    0.464     0.94    0.149
    1.892   -1.815    0.355     0.94      0.1
    1.891   -1.814    0.452     0.94    0.133
     1.89   -1.815    0.459     0.94    0.142
    1.889   -1.815    0.411     0.94    0.155
    1.888   -1.817    0.467    0.941    0.136
    1.887   -1.817    0.536    0.941    0.165
