0	141	119	0.000	6.98	5.82					
1	139	104	0.033	6.86	6.69	-2.58	28.03			
2	138	87	0.066	6.81	7.67	-1.67	29.70	25.25	11.48	
3	137	70	0.099	6.75	8.65	-0.91	28.79	39.03	-52.80	
4	137	54	0.132	6.75	9.57	0.91	26.21	52.80	-91.83	
5	138	40	0.165	6.81	10.38	2.58	22.73	39.03	-105.60	
6	140	28	0.198	6.92	11.07	3.48	19.24	27.55	-130.85	
7	142	18	0.231	7.04	11.65	4.39	14.09	25.25	-185.95	
8	145	12	0.264	7.21	12.00	5.15	6.97	11.48	-202.02	
9	148	10	0.297	7.38	12.11	5.15	0.76	16.07	-185.95	
10	151	11	0.330	7.55	12.05	6.21	-5.30	16.07	-183.65	
11	155	16	0.363	7.79	11.76	6.21	-11.36	-16.07	-169.88	
12	158	24	0.396	7.96	11.30	5.15	-16.52	39.03	-224.98	
13	161	35	0.429	8.13	10.67	8.79	-26.21	-156.11	-80.35	
14	168	54	0.462	8.54	9.57	-5.15	-21.82	-55.10	913.68	
15	155	60	0.495	7.79	9.23	5.15	34.09	275.48	1058.31	
16	174	15	0.528	8.88	11.82	13.03	48.03	-197.43	-1694.21	
17	170	5	0.561	8.65	12.40	-7.88	-77.73	-316.80	-2196.97	
18	165	104	0.594	8.36	6.69	-7.88	-96.97	27.55	938.93	
19	161	116	0.627	8.13	6.00	-6.06	-15.76	13.77	1375.11	
20	158	122	0.660	7.96	5.65	-6.97	-6.21	-27.55	252.53	
21	153	123	0.693	7.67	5.59	-7.88	0.91	13.77	202.02	
22	149	121	0.726	7.44	5.71	-6.06	7.12	39.03	172.18	
23	146	115	0.759	7.27	6.06	-5.30	12.27	25.25	117.08	
24	143	107	0.792	7.09	6.52	-4.39	14.85	27.55	91.83	
25	141	98	0.825	6.98	7.04	-3.48	18.33	27.55	78.05	
26	139	86	0.858	6.86	7.73	-2.58	20.00	27.55	39.03	
27	138	75	0.891	6.81	8.36	-1.67	20.91	50.51	27.55	
28	137	62	0.924	6.75	9.11	0.76	21.82	50.51	-39.03	
29	139	50	0.957	6.86	9.80	1.67	18.33	2.30	-117.08	
30	139	41	0.990	6.86	10.32	0.91	14.09	2.30	-117.08	
31	140	34	1.023	6.92	10.73	1.82	10.61	13.77	-121.67	
32	141	29	1.056	6.98	11.02	1.82	6.06	11.48	-135.45	
33	142	27	1.089	7.04	11.13	2.58	1.67	-2.30	-130.85	
34	144	27	1.122	7.15	11.13	1.67	-2.58	-25.25	-130.85	
35	144	30	1.155	7.15	10.96	0.91	-6.97	2.30	-119.38	
36	145	35	1.188	7.21	10.67	1.82	-10.45	11.48	-94.12	
37	146	42	1.221	7.27	10.27	1.67	-13.18	-2.30	-80.35	
38	147	50	1.254	7.32	9.80	1.67	-15.76	-11.48	-89.53	
39	148	60	1.287	7.38	9.23	0.91	-19.09	-25.25	-52.80	
40	148	72	1.320	7.38	8.54	0.00	-19.24	-13.77	61.98	
41	148	82	1.353	7.38	7.96	0.00	-15.00	0.00	105.60	
42	148	89	1.386	7.38	7.55	0.00	-12.27	0.00	68.87	
43	148	96	1.419	7.38	7.15	0.00	-10.45	13.77	94.12	
44	148	101	1.452	7.38	6.86	0.91	-6.06	13.77	146.92	
45	149	103	1.485	7.44	6.75	0.91	-0.76	-13.77	144.63	
46	149	102	1.518	7.44	6.81	0.00	3.48	0.00	117.08	
47	149	99	1.551	7.44	6.98	0.91	6.97	13.77	78.05	
48	150	94	1.584	7.50	7.27	0.91	8.64	-2.30	39.03	
49	150	89	1.617	7.50	7.55	0.76	9.55	-2.30	55.10	
50	151	83	1.650	7.55	7.90	0.76	12.27	2.30	55.10	
51	151	75	1.683	7.55	8.36	0.91	13.18	2.30	13.77	
52	152	68	1.716	7.61	8.77	0.91	13.18	-13.77	-16.07	
53	152	60	1.749	7.61	9.23	0.00	12.12	-13.77	-68.87	
54	152	54	1.782	7.61	9.57	0.00	8.64	0.00	-89.53	
55	152	50	1.815	7.61	9.80	0.00	6.21	0.00	-64.28	
56	152	47	1.848	7.61	9.98	0.00	4.39	-13.77	-55.10	
57	152	45	1.881	7.61	10.09	-0.91	2.58	-13.77	-66.57	
58	151	44	1.914	7.55	10.15	-0.91	0.00	13.77	-91.83	
59	151	45	1.947	7.55	10.09	0.00	-3.48	13.77	-78.05	
60	151	48	1.980	7.55	9.92	0.00	-5.15	0.00	-39.03	
61	151	51	2.013	7.55	9.75	0.00	-6.06	0.00	-55.10	
62	151	55	2.046	7.55	9.52	0.00	-8.79	-11.48	-55.10	
63	151	61	2.079	7.55	9.17	-0.76	-9.70	-25.25	0.00	
64	150	66	2.112	7.50	8.88	-1.67	-8.79	-16.07	13.77	
65	149	71	2.145	7.44	8.59	-1.82	-8.79	11.48	13.77	
66	148	76	2.178	7.38	8.30	-0.91	-7.88	13.77	55.10	
67	148	80	2.211	7.38	8.07	-0.91	-5.15	0.00	66.57	
68	147	82	2.244	7.32	7.96	-0.91	-3.48	2.30	64.28	
69	147	84	2.277	7.32	7.84	-0.76	-0.91	2.30	80.35	
70	146	83	2.310	7.27	7.90	-0.76	1.82	11.48	41.32	
71	146	82	2.343	7.27	7.96	0.00	1.82	11.48	-2.30	
72	146	81	2.376	7.27	8.02	0.00	1.67	0.00	25.25	
73	146	80	2.409	7.27	8.07	0.00	3.48	0.00	55.10	
74	146	77	2.442	7.27	8.25	0.00	5.30	11.48	25.25	
75	146	74	2.475	7.27	8.42	0.76	5.15	11.48	0.00	
76	147	71	2.508	7.32	8.59	0.76	5.30	2.30	-11.48	
77	147	68	2.541	7.32	8.77	0.91	4.39	16.07	-16.07	
78	148	66	2.574	7.38	8.88	1.82	4.24	0.00	-27.55	
79	149	63	2.607	7.44	9.05	0.91	2.58	-13.77	-50.51	
80	149	63	2.640	7.44	9.05	0.91	0.91	0.00	-25.25	
81	150	62	2.673	7.50	9.11	0.91	0.91	-2.30	-13.77	
82	150	62	2.706	7.50	9.11	0.76	0.00	-2.30	-13.77	
83	151	62	2.739	7.55	9.11	0.76	0.00	-11.48	0.00	
84	151	62	2.772	7.55	9.11	0.00	0.00	-22.96	-13.77	
85	151	62	2.805	7.55	9.11	-0.76	-0.91	-11.48	-13.77	
86	150	63	2.838	7.50	9.05	-0.76	-0.91	-2.30	13.77	
87	150	63	2.871	7.50	9.05	-0.91	0.00	-2.30	13.77	
88	149	63	2.904	7.44	9.05	-0.91	0.00	13.77	-11.48	
89	149	63	2.937	7.44	9.05	0.00	-0.76	0.00	-25.25	
90	149	64	2.970	7.44	9.00	-0.91	-1.67	-13.77	-2.30	
91	148	65	3.003	7.38	8.94	-0.91	-0.91	0.00	25.25	
92	148	65	3.036	7.38	8.94	-0.91	0.00	0.00	13.77	
93	147	65	3.069	7.32	8.94	-0.91	0.00	13.77	13.77	
94	147	65	3.102	7.32	8.94	0.00	0.91	13.77	0.00	
95	147	64	3.135	7.32	9.00	0.00	0.00	0.00	-41.32	
96	147	65	3.168	7.32	8.94	0.00	-1.82			
97	147	66	3.201	7.32	8.88					
										
										
										
										
										
										
										
										
										
										
										
										
										
										
										
										
										
										
										
										
										
										
										
										
										
										
										
										
										
										
										
										
										
										
										
										
