## So 30. Mai 19:18:07 CEST 2010 N = 5..150
5	-0.3275065832404089327667407	0.1244013674483072512400028	0.09656387835775646910629888	0.09897398286706157732872668	
6	-0.27427915670778518775208	0.1465681390300725417397132	0.1002539597613762989425368	0.09870475636200677638232293	
7	-0.1253529843793937947893369	0.1189426046097962347269927	0.09922873643690516276549829	0.09872819221870064720913973	
8	-0.05434495514589912645853076	0.1088436963662792050788752	0.0989261747734385826769099	0.09873403441006310676808511	
9	-0.01410071527153492799977474	0.1044318724850883117749589	0.0988209536244273045735298	0.09873567023157048261339241	
10	0.01142437977612848279407309	0.1022211052574609896348434	0.09877831730805596011091296	0.09873620928753004677425054	
11	0.02884363008528062141677673	0.1010007607127378775890847	0.09875894803739981853141217	0.09873641155534805535776144	
12	0.04135631509560808855008318	0.1002772775644423519647574	0.09874934487734983445950121	0.09873649563362109360387109	
13	0.05069307583917077170143628	0.09982410681417150377647829	0.09874424344542614973008199	0.09873653358487001485688239	
14	0.05786870736249880714519023	0.09952753512473218322487156	0.09874137733598208066521096	0.09873655191613571469044786	
15	0.06351549898517949710452513	0.09932636276454762103149676	0.09873969052144887514899096	0.09873656128752777982882094	
16	0.06804653348823462566397069	0.09918575413318395095352287	0.09873865805653549154730086	0.09873656631536388561531936	
17	0.07174216425422783038889918	0.09908494457668164112629228	0.09873800450918085447327144	0.09873656912743959679357175	
18	0.07479872554593244848852862	0.09901106843283524749921298	0.09873757858129682263292892	0.09873657075830663543136723	
19	0.07735737947709474260360452	0.09895588680602564191080006	0.09873729381608084554322602	0.09873657173478411763767326	
20	0.07952192388712790716009948	0.09891397111140759479397389	0.09873709908083763697739244	0.09873657233622437634501523	
21	0.081370177175918378953412	0.09888165425920178441820951	0.09873696320576040574845678	0.09873657271615088326655041	
22	0.08296147805587364421064933	0.09885640404820181248446431	0.09873686667340624001365512	0.09873657296166443719798167	
23	0.08434175583270797638135718	0.09883643743859474306567847	0.09873679696601078692452802	0.09873657312361219795526779	
24	0.0855470369472337704985776	0.09882047674024505012901898	0.09873674588006398078476877	0.09873657323245092765073849	
25	0.08660591920312331326581301	0.09880759182559319120375818	0.0987367079334339065033177	0.09873657330685479960319384	
26	0.08754134907042131208410041	0.09879709582986298532780722	0.09873667939698498041689589	0.09873657335851948602112316	
27	0.08837191900073429473572162	0.09878847487609820898768476	0.09873665769255586532882063	0.09873657339491374862472384	
28	0.08911282818417384787856861	0.09878133989588960828243103	0.0987366410110015191303745	0.09873657342089399435725028	
29	0.0897766034666200307690076	0.09877539307084279296411466	0.09873662806529498459084948	0.09873657343966943389368396	
30	0.09037364681970562474422337	0.09877040411586278378930359	0.09873661792817882421058329	0.09873657345339395541294891	
31	0.09091265568260949170298346	0.09876619329234864741451361	0.09873660992370900113535015	0.09873657346353363617463827	
32	0.09140094897194664391726349	0.09876261909046886444674129	0.09873660355373493902053639	0.09873657347109968118736845	
33	0.09184472229832907341773307	0.0987595691943896070164044	0.0987365984473812102750756	0.09873657347679809515028637	
34	0.09224924949606810864466411	0.09875695378464739715429488	0.0987365943258916162195149	0.09873657348112739595702436	
35	0.09261904304233424534142927	0.09875470052364926365484621	0.09873659097787414185010135	0.09873657348444372927609436	
36	0.09295798271110966570773826	0.09875275076641126803522752	0.09873658824167580450037462	0.09873657348700366764848724	
37	0.09326941947581665615096824	0.09875105667222609795441457	0.09873658599270404567782577	0.09873657348899428365385234	
38	0.09355625997379285463395604	0.0987495789850686839228544	0.0987365841342160432958508	0.09873657349055278698024551	
39	0.0938210355925354760886492	0.09874828531479780402424495	0.09873658259056564134859002	0.09873657349178097120123709	
40	0.09406595930533767635495224	0.09874714879652683741095842	0.09873658130221124595848892	0.09873657349275485883843828	
41	0.0942929726842085813576233	0.09874614703781350866229616	0.09873658022199174877364669	0.09873657349353175127770754	
42	0.09450378498838102325763089	0.09874526128653494938536284	0.09873657931233002782445141	0.0987365734941548361947028	
43	0.09469990582274720458677564	0.09874447576916410562741788	0.09873657854311593262686131	0.0987365734946570733354676	
44	0.09488267255011989531610084	0.09874377716149987382898701	0.09873657789009278318292928	0.09873657349506420599638545	
45	0.09505327340096796084889519	0.0987431541630040821022618	0.0987365773336185970077139	0.09873657349539571859153853	
46	0.09521276703712307221127986	0.09874259715266965609092864	0.09873657685771138059482865	0.0987365734956668628097276	
47	0.09536209917922833234626978	0.09874209790941339270897714	0.09873657644930562693463827	0.09873657349588975395970891	
48	0.09550211679199216430191655	0.0987416493838149667006121	0.09873657609767323706240205	0.09873657349607363464816245	
49	0.09563358022954043802243973	0.09874124551092466894886002	0.09873657579396745431754567	0.0987365734962260960250191	
50	0.09575717366997564539143895	0.09874088105608523624479034	0.0987365755308629300390777	0.0987365734963527169609776	
51	0.09587351410959937814126874	0.09874055148741760212782737	0.09873657530227104850428788	0.09873657349645849345964876	
52	0.09598315914000241089176768	0.09874025286993816374891964	0.09873657510311151241921834	0.09873657349654706150143824	
53	0.09608661369299452414960427	0.09873998177730562708642736	0.09873657492913059940953246	0.09873657349662162685532962	
54	0.09618433590725722348580007	0.09873973521798953822958822	0.09873657477675391869187393	0.09873657349668436833400875	
55	0.0962767422452349697081786	0.09873951057329033442755417	0.09873657464296801966607831	0.09873657349673756189467611	
56	0.09636421196796061960920809	0.09873930554512957979973464	0.09873657452522462130151126	0.09873657349678273409399054	
57	0.09644709105840634788542332	0.09873911811193010479303922	0.0987365744213617169133812	0.09873657349682110617727915	
58	0.09652569566978717874317084	0.09873894649121423006121745	0.09873657432953983348333793	0.09873657349685394102323244	
59	0.09660031516352622638077463	0.09873878910780267692537393	0.09873657424818900463225901	0.09873657349688189088787738	
60	0.09667121479182340382241279	0.09873864456669709244174271	0.0987365741759663601007091	0.09873657349690602436087516	
61	0.09673863807161785233201812	0.09873851162989046026385864	0.09873657411171948838912726	0.09873657349692679940922346	
62	0.09680280888991379950603289	0.09873838919648428302799914	0.09873657405445714074776475	0.09873657349694457685540527	
63	0.09686393337469768882730392	0.09873827628559624092208225	0.09873657400332488953687005	0.09873657349696003671102318	
64	0.09692220156083823645598585	0.098738172021628600738552	0.09873657395758354826664771	0.09873657349697344265404553	
65	0.09697778887628097366224722	0.09873807562154218731009792	0.09873657391659328153021846	0.09873657349698507224022848	
66	0.0970308574703745430056756	0.09873798638383510239968643	0.09873657387979831168145495	0.09873657349699525853647941	
67	0.09708155740323079485598612	0.0987379036789769876092393	0.09873657384671467862613525	0.09873657349700395990943491	
68	0.09713002771250259237412195	0.09873782694108841628821693	0.09873657381692067802614332	0.09873657349701167595945606	
69	0.097176397371824471682622	0.09873775566068795916940815	0.09873657379004764644836456	0.09873657349701851770884531	
70	0.09722078615332055417930235	0.09873768937835468439967457	0.09873657376577286981511605	0.09873657349702438801308801	
71	0.0972633054050109913113431	0.09873762767918271843203826	0.09873657374381306084387688	0.09873657349702963381687937	
72	0.09730405875258582581999178	0.09873757018791727568807204	0.09873657372391911324349678	0.09873657349703424124243156	
73	0.09734314273384944704581301	0.09873751656468066073557566	0.09873657370587192450006597	0.09873657349703832131204706	
74	0.09738064737312369933963652	0.09873746650120929224669908	0.09873657368947824641836064	0.09873657349704184627015024	
75	0.09741665670202265259192131	0.09873741971753646762266499	0.09873657367456693811913482	0.098736573497044968772407	
76	0.09745124923224976476454628	0.09873737595906094399733632	0.09873657366098693988210044	0.09873657349704791086342226	
77	0.0974844983854071533979635	0.09873733499395272172893812	0.09873657364860399798800472	0.09873657349705039498743986	
78	0.09751647288423215265140698	0.09873729661085478559456874	0.09873657363729901326188099	0.09873657349705253216676226	
79	0.09754723710916619883182221	0.09873726061684116872552153	0.09873657362696594552708973	0.09873657349705451669041878	
80	0.09757685142372957143308554	0.09873722683560236246247399	0.09873657361751059235999151	0.09873657349705619590274353	
81	0.097605372471781498555643	0.09873719510582947000987275	0.09873657360884877109974411	0.09873657349705791674843169	
82	0.09763285344941220744718891	0.09873716527977184631570395	0.09873657360090513923633893	0.09873657349705927677163686	
83	0.09765934435391122880876225	0.09873713722195059938613326	0.09873657359361244501005928	0.09873657349706048413917614	
84	0.09768489221199636030057434	0.09873711080800655348621575	0.09873657358691065311084856	0.09873657349706180252901788	
85	0.09770954128925761483781542	0.09873708592366882419444352	0.09873657358074543199943918	0.09873657349706270458522539	
86	0.0977333332825599254700677	0.09873706246383062712368428	0.09873657357506822329629159	0.09873657349706366215258413	
87	0.09775630749697640509143781	0.09873704033171804006485672	0.09873657356983553401441611	0.09873657349706441155312575	
88	0.09777850100865484450629594	0.09873701943814358616968718	0.09873657356500784021413608	0.09873657349706517483145518	
89	0.0977999488148838941325991	0.09873699970083357757566489	0.09873657356054972578096596	0.09873657349706588259863338	
90	0.09782068397249520097513908	0.09873698104382247486832114	0.09873657355642952160312831	0.09873657349706652097687254	
91	0.09784073772562851267764472	0.09873696339690565815239154	0.09873657355261783452604618	0.09873657349706707608838485	
92	0.09786013962378303787659206	0.09873694669514578026170426	0.0987365735490886020642165	0.09873657349706745078865566	
93	0.09787891763099078323850932	0.09873693087842559668043663	0.09873657354581857892306118	0.09873657349706796426680455	
94	0.09789709822686709639327773	0.0987369158910426786279757	0.09873657354278568554217799	0.09873657349706831121149975	
95	0.09791470650022351951413668	0.09873690168134401090593855	0.09873657353997072894102871	0.09873657349706879693407302	
96	0.0979317662358592383453626	0.09873688820139150945642825	0.09873657353735607045130962	0.09873657349706901897867795	
97	0.09794829999509857554329528	0.09873687540666020723278962	0.09873657353492540367234653	0.09873657349706939367894876	
98	0.09796432919057861121725495	0.09873686325576415401261698	0.09873657353266417080472905	0.09873657349706965735691711	
99	0.09797987415575681868773472	0.09873685171020434026001311	0.09873657353055899366101045	0.09873657349706999042382449	
100	0.0979949542095578524092403	0.09873684073414204509511194	0.09873657352859771529907107	0.09873657349707021246842942	
101	0.09800958771654422196917267	0.09873683029419026702111495	0.09873657352676927512202809	0.09873657349707042063524653	
102	0.0980237921429629455172261	0.09873682035922391742044368	0.09873657352506308437778415	0.098736573497070531657549	
103	0.09803758410898918973508387	0.09873681090020619555147618	0.09873657352347042781559594	0.09873657349707080921330515	
104	0.0980509794374542359429725	0.09873680189003022911187202	0.09873657352198236814011523	0.09873657349707085084666858	
105	0.09806399319933291336415238	0.09873679330337391257810253	0.09873657352059139746813798	0.09873657349707105901348569	
106	0.09807663975622779584107036	0.09873678511656613920877135	0.09873657351929018832770169	0.09873657349707119779136377	
107	0.0980889328000797838802427	0.09873677730746570346820334	0.09873657351807221815853666	0.09873657349707147534711993	
108	0.09810088539030650811589851	0.09873676985534857175608181	0.09873657351693139461179527	0.09873657349707147534711993	
109	0.09811250998856034521988789	0.09873676274080610271166591	0.09873657351586220820571782	0.09873657349707146146933212	
110	0.09812381849127642385877124	0.09873675594564945701137049	0.09873657351485960742554226	0.09873657349707162800278581	
111	0.09813482226017120058081389	0.09873674945282333303975264	0.09873657351391891545677737	0.09873657349707173902508828	
112	0.09814553215083736403823167	0.09873674324632586429828507	0.09873657351303576079626367	0.09873657349707180841402732	
113	0.09815595853957029270908663	0.09873673731113487284094532	0.09873657351220614664111253	0.09873657349707200270305663	
114	0.09816611134854906495217364	0.09873673163313939626917204	0.09873657351142640925534266	0.09873657349707194719190539	
115	0.09817600006948708213361243	0.09873672619907811198736169	0.09873657351069314858094117	0.09873657349707211372535909	
116	0.09818563378585730416769906	0.09873672099648021782680729	0.09873657351000314497113663	0.09873657349707205821420786	
117	0.09819502119379044935421064	0.09873671601361312666345071	0.09873657350935369225730653	0.09873657349707222474766155	
118	0.09820417062173354694198935	0.09873671123943181249238421	0.0987365735087420148818893	0.09873657349707225250323717	
119	0.09821309004895677208235583	0.09873670666353397129544334	0.09873657350816558708750392	0.09873657349707223862544936	
120	0.09822178712297867375635718	0.09873670227611745786600039	0.09873657350762203577243525	0.09873657349707236352553963	
121	0.09823026917598798313235875	0.09873669806794058145804627	0.09873657350710919600178528	0.09873657349707244679226648	
122	0.09823854324032224583085338	0.09873669403028638436037312	0.09873657350662534692986583	0.09873657349707240515890305	
123	0.09824661606306885064388013	0.09873669015492848866077935	0.09873657350616846239965696	0.09873657349707244679226648	
124	0.09825449411984174541423442	0.09873668643409991285686544	0.0987365735057369880989242	0.09873657349707253005899332	
125	0.09826218362778732506868096	0.09873668286046395625721317	0.0987365735053290644041013	0.09873657349707246067005428	
126	0.09826969055787156126502424	0.09873667942708722056188719	0.09873657350494340068092214	0.09873657349707250230341771	
127	0.09827702064648724533668656	0.09873667612741433841083705	0.09873657350457860915060593	0.09873657349707261332572017	
128	0.09828417940643106864850864	0.09873667295524446441135069	0.0987365735042334963234012	0.09873657349707257169235675	
129	0.09829117213728232049785305	0.09873666990471022253395006	0.09873657350390660503158813	0.09873657349707253005899332	
130	0.09829800393522679369251449	0.09873666697025643146368168	0.09873657350359717199683729	0.09873657349707253005899332	
131	0.09830467970235569341586057	0.09873666414662195245366405	0.09873657350330372617364105	0.09873657349707257169235675	
132	0.09831120415546988622335078	0.09873666142882187024554241	0.0987365735030256985726993	0.09873657349707272434802263	
133	0.09831758183442530774076573	0.09873665881213065931287787	0.09873657350276199284877521	0.09873657349707258557014455	
134	0.09832381711004037350143392	0.09873665629206709870580028	0.09873657350251180409017593	0.09873657349707265495908359	
135	0.09832991419159446688791348	0.098736653864380644063381	0.09873657350227445228529888	0.09873657349707272434802263	
136	0.09833587713394204010697308	0.09873665152503677266970783	0.09873657350204900762236093	0.09873657349707282149253729	
137	0.09834170984426311712400803	0.09873664927020513182309713	0.0987365735018349566232132	0.09873657349707273822581044	
138	0.09834741608847202831711343	0.09873664709624788149433527	0.09873657350163157764288968	0.09873657349707282149253729	
139	0.09835299949730362534250361	0.09873664499970832841846402	0.0987365735014382184253634	0.09873657349707282149253729	
140	0.09835846357209618306960408	0.09873664297730164185473711	0.09873657350125425447018301	0.09873657349707276598138606	
141	0.0983638116902873088642778	0.09873664102590365421185936	0.0987365735010794776105314	0.09873657349707282149253729	
142	0.09836904711063969297679677	0.09873663914254318663132892	0.09873657350091299966798886	0.09873657349707279373696167	
143	0.09837417297821159090087662	0.0987366373243928202585451	0.09873657350075469574246512	0.09873657349707286312590071	
144	0.09837919232908447220165016	0.09873663556876184632660198	0.09873657350060376092226733	0.09873657349707289088147633	
145	0.09838410809486571040327618	0.09873663387308764805005978	0.09873657350046008418509302	0.09873657349707277985917386	
146	0.09838892310697272547415082	0.09873663223492946949821913	0.09873657350032331858624701	0.09873657349707287700368852	
147	0.09839364010071637023369107	0.09873663065196190691263922	0.09873657350019285350306575	0.09873657349707297414820317	
148	0.0983982617191879183060621	0.09873662912196828900235346	0.09873657350006834199085404	0.09873657349707273822581044	
149	0.0984027905169677086227864	0.09873662764283522297326101	0.09873657349994971466067284	0.09873657349707287700368852	
150	0.09840722896365813876506934	0.09873662621254719606866956	0.0987365734998365135455245	0.09873657349707290475926413	
