1	  181.80    451.86  
2	  182.75    451.63  
3	  185.03    451.91  
4	  184.46    452.04  
5	  185.03    453.17  
6	  185.53    453.18  
7	  185.57    451.24  
8	  184.97    450.87  
9	  185.11    451.76  
10	  185.95    453.97  
11	  185.37    453.28  
12	  184.84    452.47  
13	  184.80    450.58  
14	  182.33    450.87  
15	  181.03    452.21  
16	  182.76    451.39  
17	  183.11    451.24  
18	  184.44    452.01  
19	  186.09    452.46  
20	  185.63    452.33  
21	  184.30    452.63  
22	  185.40    451.36  
23	  184.09    451.31  
24	  184.83    451.14  
25	  184.08    452.24  
26	  185.72    452.41  
27	  185.51    451.80  
28	  185.79    450.88  
29	  187.47    451.91  
30	  185.73    450.06  
31	  185.06    450.96  
32	  185.04    451.62  
33	  186.31    453.06  
34	  184.22    451.65  
35	  185.16    451.16  
36	  181.64    451.01  
37	  182.21    450.05  
38	  182.43    450.73  
39	  184.12    451.44  
40	  185.43    452.53  
41	  185.44    451.67  
42	  185.70    452.15  
43	  186.76    452.22  
44	  185.23    450.41  
45	  185.31    450.03  
46	  186.13    451.26  
47	  185.25    454.06  
48	  185.33    453.05  
49	  186.84    451.82  
50	  186.78    452.59  
51	  185.89    451.74  
52	  185.81    450.97  
53	  184.91    450.99  
54	  184.83    451.11  
55	  184.16    451.54  
56	  185.91    450.63  
57	  186.01    452.28  
58	  183.66    453.01  
59	  183.63    452.99  
60	  182.45    453.21  
61	  181.95    451.77  
62	  181.08    452.31  
63	  181.37    452.16  
64	  182.35    452.09  
65	  182.84    452.51  
66	  183.72    451.69  
67	  183.08    451.60  
68	  185.41    451.98  
69	  184.81    452.33  
70	  184.99    453.25  
71	  183.87    451.04  
72	  185.67    452.83  
73	  183.09    453.19  
74	  182.69    452.86  
75	  182.52    453.60  
76	  182.00    453.32  
77	  182.44    454.20  
78	  182.47    453.94  
79	  182.33    451.75  
80	  182.09    451.95  
81	  181.96    452.24  
82	  183.38    453.11  
83	  183.05    453.20  
84	  182.75    453.26  
85	  182.51    454.69  
86	  183.96    453.91  
87	  186.04    452.34  
88	  187.13    453.31  
89	  186.32    453.69  
90	  185.42    453.38  
91	  185.25    453.20  
92	  184.02    454.07  
93	  182.64    454.16  
94	  182.20    452.59  
95	  183.75    451.97  
96	  184.10    451.95  
97	  183.55    453.10  
98	  184.03    451.62  
99	  186.31    451.44  
100	  185.86    451.62  
101	  184.76    452.72  
102	  185.88    451.98  
103	  185.51    453.13  
104	  185.59    452.26  
105	  184.63    453.22  
106	  183.43    453.99  
107	  183.85    450.64  
108	  186.09    451.97  
109	  184.81    452.41  
110	  183.71    452.21  
111	  184.57    453.07  
112	  181.99    452.46  
113	  184.10    452.91  
114	  183.59    451.27  
115	  184.10    451.27  
116	  184.49    451.32  
117	  184.23    451.05  
118	  183.83    452.37  
119	  186.08    453.40  
120	  184.40    453.29  
121	  185.78    451.45  
122	  185.55    452.63  
123	  185.42    452.77  
124	  185.61    453.75  
125	  183.87    453.78  
126	  183.28    452.94  
127	  183.48    452.83  
128	  186.98    453.44  
129	  186.06    453.57  
130	  186.63    453.85  
131	  185.61    453.34  
132	  183.89    451.65  
133	  184.70    451.15  
134	  183.95    453.02  
135	  184.32    453.90  
136	  184.88    452.58  
137	  185.40    452.16  
138	  186.03    453.36  
139	  184.73    453.25  
140	  185.33    452.93  
141	  186.39    453.38  
142	  186.11    453.10  
143	  186.83    453.22  
144	  186.63    452.80  
145	  186.53    453.28  
146	  187.18    452.47  
147	  186.14    450.83  
148	  187.29    451.44  
149	  184.88    451.45  
150	  186.48    452.04  
151	  185.93    451.31  
152	  185.73    451.73  
153	  185.17    450.99  
154	  185.07    452.04  
155	  184.43    451.93  
156	  185.74    450.89  
157	  184.60    452.15  
158	  183.37    451.77  
159	  184.44    451.71  
160	  185.52    451.72  
161	  186.14    450.90  
162	  186.58    451.24  
163	  186.50    452.23  
164	  185.02    452.87  
165	  184.92    453.00  
166	  183.47    452.53  
167	  184.93    453.11  
168	  184.71    452.68  
169	  184.43    452.59  
170	  184.23    451.89  
171	  183.19    451.84  
172	  185.37    451.05  
173	  186.07    451.55  
174	  185.51    451.48  
175	  186.40    451.43  
176	  185.50    450.99  
177	  185.01    452.87  
178	  185.87    452.20  
179	  184.98    452.75  
180	  184.29    452.78  
181	  185.62    452.82  
182	  184.11    453.20  
183	  183.39    452.04  
184	  183.99    452.50  
185	  185.74    451.76  
186	  184.52    451.09  
187	  185.57    450.87  
188	  185.14    452.45  
189	  185.00    452.46  
190	  184.64    454.06  
191	  184.77    453.28  
192	  185.06    453.33  
193	  184.70    453.97  
194	  185.47    454.29  
195	  186.12    454.74  
196	  185.88    452.94  
197	  185.47    453.50  
198	  185.80    451.16  
199	  184.86    451.09  
200	  183.86    451.18  
201	  183.11    451.70  
202	  185.04    452.50  
203	  184.20    452.20  
204	  185.56    453.18  
205	  185.87    452.24  
206	  184.51    452.63  
207	  185.86    452.89  
208	  184.98    452.67  
209	  184.75    452.22  
210	  184.69    451.02  
211	  185.87    450.19  
212	  185.93    450.19  
213	  186.47    448.97  
214	  184.95    450.86  
215	  184.40    452.42  
216	  182.92    452.78  
217	  183.50    452.45  
218	  181.92    451.25  
219	  182.23    452.72  
220	  182.26    452.97  
221	  181.69    452.18  
222	  181.45    452.74  
223	  182.45    451.98  
224	  181.30    452.78  
225	  182.39    450.56  
226	  184.13    451.02  
227	  183.83    452.12  
228	  183.88    451.26  
229	  184.97    451.32  
230	  184.13    450.27  
231	  183.24    449.42  
232	  185.59    449.95  
233	  184.29    450.60  
234	  186.08    449.54  
235	  186.42    451.91  
236	  187.61    452.97  
237	  186.33    449.81  
238	  186.65    452.88  
239	  186.38    452.36  
240	  185.64    454.11  
241	  183.97    454.34  
242	  183.03    452.06  
243	  182.63    452.61  
244	  182.54    452.31  
245	  183.74    453.36  
246	  185.15    453.16  
247	  183.36    452.61  
248	  183.03    452.31  
249	  182.31    452.66  
250	  182.64    451.29  
251	  184.36    451.04  
252	  184.33    453.48  
253	  183.75    453.50  
254	  184.56    451.96  
255	  182.43    452.33  
256	  184.02    453.47  
257	  182.86    453.95  
258	  185.23    452.48  
259	  184.15    451.91  
260	  183.06    452.93  
261	  184.38    452.85  
262	  184.42    452.89  
263	  183.70    452.93  
264	  182.82    451.82  
265	  183.24    453.49  
266	  182.73    453.50  
267	  184.31    453.17  
268	  183.36    451.72  
269	  186.10    452.31  
270	  185.74    453.54  
271	  187.03    453.23  
272	  184.51    452.38  
273	  184.07    452.90  
274	  183.21    451.12  
275	  182.98    452.54  
276	  182.29    454.08  
277	  182.72    453.45  
278	  182.60    451.25  
279	  183.97    451.35  
280	  182.74    452.09  
281	  182.80    453.12  
282	  184.19    452.32  
283	  183.95    453.73  
284	  183.06    453.85  
285	  183.13    451.68  
286	  182.94    452.39  
287	  182.54    452.34  
288	  182.43    454.58  
289	  183.35    452.38  
290	  186.05    451.37  
291	  185.11    451.25  
292	  184.30    451.96  
293	  184.69    453.31  
294	  184.53    452.21  
295	  183.31    454.01  
296	  185.84    454.55  
297	  185.15    454.38  
298	  184.69    452.23  
299	  184.42    451.80  
300	  182.36    452.24  
301	  182.63    451.65  
302	  184.55    451.03  
303	  184.03    451.11  
304	  184.03    450.85  
305	  183.65    451.36  
306	  184.43    450.91  
307	  187.47    451.60  
308	  187.23    451.33  
309	  186.89    452.87  
310	  185.77    451.45  
311	  186.02    452.83  
312	  186.04    453.45  
313	  185.60    452.02  
314	  183.99    453.70  
315	  185.26    453.07  
316	  183.74    451.73  
317	  182.75    453.17  
318	  184.27    452.11  
319	  184.84    451.31  
320	  183.55    452.25  
321	  182.83    451.13  
322	  183.69    451.56  
323	  184.21    450.53  
324	  184.72    452.04  
325	  183.50    452.20  
326	  182.57    451.01  
327	  181.82    451.47  
328	  182.74    452.39  
329	  181.56    452.51  
330	  181.10    452.04  
331	  181.19    450.76  
332	  180.19    452.23  
333	  182.52    450.00  
334	  182.72    449.86  
335	  183.75    449.28  
336	  181.90    448.72  
337	  182.86    450.72  
338	  184.12    451.41  
339	  183.18    452.45  
340	  185.87    454.20  
341	  186.37    452.35  
342	  185.60    451.09  
343	  183.97    452.10  
344	  182.82    450.53  
345	  183.96    451.34  
346	  185.85    451.19  
347	  187.97    452.26  
348	  187.56    452.80  
349	  187.04    453.47  
350	  184.66    453.93  
351	  182.49    451.61  
352	  183.13    450.59  
353	  182.94    450.27  
354	  185.86    452.49  
355	  187.20    452.57  
356	  186.68    451.36  
357	  186.05    450.40  
358	  186.89    452.58  
359	  186.35    454.87  
360	  185.31    453.52  
361	  185.02    452.00  
362	  186.48    453.27  
363	  185.92    451.41  
364	  186.95    451.33  
365	  185.20    451.26  
366	  187.06    450.58  
367	  185.88    451.33  
368	  184.69    452.89  
369	  187.15    453.52  
370	  187.15    452.70  
371	  186.82    451.64  
372	  183.60    452.69  
373	  185.08    452.69  
374	  186.15    452.42  
375	  184.16    452.17  
376	  185.80    451.99  
377	  186.22    451.49  
378	  184.19    452.00  
379	  184.27    451.51  
380	  184.09    451.25  
381	  185.76    452.53  
382	  185.10    453.43  
383	  184.99    451.75  
384	  185.61    451.77  
385	  184.30    453.62  
386	  183.48    452.23  
387	  183.67    452.56  
388	  184.41    450.62  
389	  186.06    451.06  
390	  186.42    451.01  
391	  185.09    451.38  
392	  184.36    451.64  
393	  183.23    452.74  
394	  182.53    453.65  
395	  181.19    452.89  
396	  182.34    451.50  
397	  181.84    451.18  
398	  181.65    452.28  
399	  181.60    451.18  
400	  182.47    451.13  
401	  182.46    452.58  
402	  183.12    453.23  
403	  183.15    451.74  
404	  186.64    452.71  
405	  184.98    451.56  
406	  184.64    451.98  
407	  184.47    453.49  
408	  186.78    452.96  
409	  185.00    452.20  
410	  185.30    453.69  
411	  184.72    453.12  
412	  182.00    452.75  
413	  181.88    454.07  
414	  183.20    453.16  
415	  184.99    454.20  
416	  182.90    454.21  
417	  183.80    452.92  
418	  183.18    452.67  
419	  182.49    453.05  
420	  182.15    453.61  
421	  179.74    452.16  
422	  182.17    453.10  
423	  180.16    453.18  
424	  180.82    453.76  
425	  180.95    452.49  
426	  182.82    452.07  
427	  182.86    453.50  
428	  181.73    451.92  
429	  180.57    452.90  
430	  182.51    452.00  
431	  181.54    452.86  
432	  182.12    452.89  
433	  185.37    451.30  
434	  186.51    452.37  
435	  186.18    451.14  
436	  184.35    451.85  
437	  184.52    453.40  
438	  183.44    452.35  
439	  182.30    452.26  
440	  184.47    453.29  
441	  183.60    454.02  
442	  183.78    453.66  
443	  183.88    452.05  
444	  183.15    452.45  
445	  182.76    451.75  
446	  184.76    452.06  
447	  182.23    452.48  
448	  184.16    452.93  
449	  184.82    454.73  
450	  185.38    453.38  
451	  185.59    454.42  
452	  185.33    452.47  
453	  183.88    452.60  
454	  182.70    454.43  
455	  182.37    454.20  
456	  181.27    452.26  
457	  181.58    452.65  
458	  181.73    451.48  
459	  181.92    451.38  
460	  183.39    452.37  
461	  182.77    452.67  
462	  182.85    452.67  
463	  182.65    452.07  
464	  183.50    452.32  
465	  181.80    452.84  
466	  182.16    452.56  
467	  182.28    451.73  
468	  181.88    450.85  
469	  180.48    452.24  
470	  182.62    451.90  
471	  183.63    452.29  
472	  184.69    452.24  
473	  186.87    451.74  
474	  187.89    455.82  
475	  184.54    453.04  
476	  183.74    452.08  
477	  186.63    452.07  
478	  184.23    453.31  
479	  183.39    453.09  
480	  183.48    452.40  
481	  184.13    452.13  
482	  182.88    451.67  
483	  180.52    452.06  
484	  180.55    452.79  
485	  180.21    452.64  
486	  180.74    452.84  
487	  184.07    452.63  
488	  183.31    451.16  
489	  183.94    452.10  
490	  183.49    450.76  
491	  185.17    450.03  
492	  185.57    451.46  
493	  184.20    453.34  
494	  183.86    453.91  
495	  182.72    451.69  
496	  182.62    451.19  
497	  182.14    450.88  
498	  182.41    450.43  
499	  183.05    450.63  
500	  184.08    451.73  
501	  182.90    452.39  
502	  183.62    452.71  
503	  185.63    450.89  
504	  185.42    452.50  
505	  184.23    452.39  
506	  184.13    451.05  
507	  183.32    451.50  
508	  183.60    451.17  
509	  183.67    451.95  
510	  183.16    452.93  
511	  185.00    452.64  
512	  183.32    451.33  
513	  182.66    452.21  
514	  182.46    452.08  
515	  181.96    452.80  
516	  185.41    453.00  
517	  184.57    453.41  
518	  184.75    454.64  
519	  184.98    452.31  
520	  185.50    451.07  
521	  186.05    450.82  
522	  185.63    450.71  
523	  185.18    452.98  
524	  185.70    453.73  
525	  188.59    452.87  
526	  189.47    453.27  
527	  189.04    453.23  
528	  187.94    453.09  
529	  188.37    452.35  
530	  186.03    452.66  
531	  185.26    451.53  
532	  183.90    449.74  
533	  182.73    449.22  
534	  182.98    451.02  
535	  182.43    452.06  
536	  181.99    451.55  
537	  182.38    450.35  
538	  181.20    452.71  
539	  182.24    452.53  
540	  184.96    453.25  
541	  186.36    453.54  
542	  186.25    454.19  
543	  184.32    454.28  
544	  184.27    453.31  
545	  184.69    452.29  
546	  185.26    452.11  
547	  182.68    452.30  
548	  183.20    453.22  
549	  182.53    452.81  
550	  183.78    452.27  
551	  183.57    453.04  
552	  183.07    452.73  
553	  183.05    454.13  
554	  182.59    452.97  
555	  183.64    452.73  
556	  183.67    452.23  
557	  185.68    452.11  
558	  184.60    451.43  
559	  184.49    453.01  
560	  186.37    452.28  
561	  185.41    452.83  
562	  185.13    453.21  
563	  185.14    454.23  
564	  184.73    453.10  
565	  185.42    451.40  
566	  185.08    453.89  
567	  184.35    452.43  
568	  185.65    452.19  
569	  184.21    451.30  
570	  183.80    452.77  
571	  181.88    452.85  
572	  180.96    451.98  
573	  182.83    452.24  
574	  182.26    451.93  
575	  183.72    451.33  
576	  184.78    450.80  
577	  184.12    451.22  
578	  183.28    451.11  
579	  183.25    449.70  
580	  182.69    448.47  
581	  184.36    449.78  
582	  184.33    451.37  
583	  182.52    451.89  
584	  183.96    450.44  
585	  185.78    449.42  
586	  186.30    451.57  
587	  186.43    452.22  
588	  183.79    450.52  
589	  183.67    450.79  
590	  185.71    450.61  
591	  184.72    450.71  
592	  185.09    450.64  
593	  183.92    451.16  
594	  185.48    452.00  
595	  184.80    453.26  
596	  186.92    452.48  
597	  183.47    452.33  
598	  184.75    451.03  
599	  183.83    452.41  
600	  185.65    451.19  
601	  185.87    452.47  
602	  184.35    452.85  
603	  182.61    452.23  
604	  183.38    451.93  
605	  182.35    451.72  
606	  180.08    451.23  
607	  178.46    452.04  
608	  180.64    450.51  
609	  181.19    450.71  
610	  181.31    452.61  
611	  183.47    451.12  
612	  182.47    451.59  
613	  184.49    451.06  
614	  184.82    452.53  
615	  183.89    453.15  
616	  184.04    453.11  
617	  185.81    452.12  
618	  185.38    452.69  
619	  184.74    451.98  
620	  185.89    451.17  
621	  183.71    452.87  
622	  184.44    451.42  
623	  186.42    450.21  
624	  186.85    451.41  
625	  185.44    452.14  
626	  186.63    452.11  
627	  185.54    450.80  
628	  185.23    451.17  
629	  186.03    451.88  
630	  184.22    452.76  
631	  184.27    451.21  
632	  184.57    452.12  
633	  184.50    451.13  
634	  185.91    450.12  
635	  187.11    451.48  
636	  186.79    450.28  
637	  187.81    451.15  
638	  185.82    451.11  
639	  184.89    452.09  
640	  186.34    451.75  
641	  186.41    451.75  
642	  184.62    450.74  
643	  185.82    451.38  
644	  185.27    450.71  
645	  184.01    451.12  
646	  184.37    451.38  
647	  184.15    452.98  
648	  183.92    452.50  
649	  184.53    452.55  
650	  184.96    452.85  
651	  184.52    452.28  
652	  185.01    453.67  
653	  183.46    451.96  
654	  184.61    452.20  
655	  182.66    451.99  
656	  183.00    452.55  
657	  182.02    451.66  
658	  182.78    449.95  
659	  182.24    450.33  
660	  183.34    452.85  
661	  182.25    450.50  
662	  180.19    453.17  
663	  179.15    454.26  
664	  181.68    451.17  
665	  182.64    451.37  
666	  181.67    452.78  
667	  182.52    452.94  
668	  182.47    452.03  
669	  184.02    454.00  
670	  186.04    452.08  
671	  184.11    452.58  
672	  184.71    453.05  
673	  185.02    453.65  
674	  186.40    453.72  
675	  185.35    452.69  
676	  184.95    451.31  
677	  184.75    451.79  
678	  186.02    452.16  
679	  186.43    451.63  
680	  184.57    452.40  
681	  185.83    452.94  
682	  183.59    452.51  
683	  182.34    454.07  
684	  183.19    451.71  
685	  183.35    452.22  
686	  183.09    452.81  
687	  184.39    452.10  
688	  184.46    453.63  
689	  184.03    452.23  
690	  182.39    451.59  
691	  182.34    451.21  
692	  181.99    452.78  
693	  183.17    451.44  
694	  180.96    453.07  
695	  181.85    454.10  
696	  182.92    453.88  
697	  184.87    452.31  
698	  185.02    451.06  
699	  183.02    450.62  
700	  181.53    450.62  
701	  181.54    452.16  
702	  182.35    451.81  
703	  181.77    452.16  
704	  184.01    453.23  
705	  183.50    454.01  
706	  181.52    453.15  
707	  183.14    453.62  
708	  181.41    454.14  
709	  182.02    452.30  
710	  183.63    451.87  
711	  182.93    451.92  
712	  181.07    453.79  
713	  182.45    450.91  
714	  182.16    452.80  
715	  182.17    452.96  
716	  183.34    453.32  
717	  181.70    453.88  
718	  181.55    451.39  
719	  181.43    451.18  
720	  182.58    452.35  
721	  183.58    451.37  
722	  183.51    452.52  
723	  184.49    450.45  
724	  187.26    451.96  
725	  185.96    452.11  
726	  184.87    452.72  
727	  185.52    451.67  
728	  184.74    452.29  
729	  186.60    452.20  
730	  187.62    453.58  
731	  186.45    453.30  
732	  184.63    453.09  
733	  183.53    452.48  
734	  183.28    454.04  
735	  184.41    453.06  
736	  183.05    453.26  
737	  182.97    453.51  
738	  182.47    452.55  
739	  182.83    452.53  
740	  183.28    452.09  
741	  182.15    451.90  
742	  181.91    452.66  
743	  183.47    453.47  
744	  184.60    452.25  
745	  185.48    450.31  
746	  186.81    452.07  
747	  184.60    452.85  
748	  185.06    451.61  
749	  184.38    452.63  
750	  183.41    451.97  
751	  182.85    452.22  
752	  182.77    450.12  
753	  183.94    450.02  
754	  186.07    451.01  
755	  187.51    453.40  
756	  186.46    452.89  
757	  186.24    451.02  
758	  187.12    451.16  
759	  187.05    451.36  
760	  185.85    451.57  
761	  185.67    451.29  
762	  184.64    451.30  
763	  184.70    451.22  
764	  184.59    451.38  
765	  185.86    449.61  
766	  184.13    452.85  
767	  184.31    451.50  
768	  184.71    451.28  
769	  183.84    451.18  
770	  185.69    452.01  
771	  183.56    452.44  
772	  183.88    452.33  
773	  184.20    451.38  
774	  184.77    453.24  
775	  186.75    453.03  
776	  186.44    452.33  
777	  188.02    450.46  
778	  184.81    451.30  
779	  184.79    451.42  
780	  184.45    452.39  
781	  184.59    453.86  
782	  183.97    452.47  
783	  182.38    451.03  
784	  182.52    451.91  
785	  185.11    452.37  
786	  183.54    452.90  
787	  184.51    454.43  
788	  185.15    453.16  
789	  184.60    452.74  
790	  183.22    452.58  
791	  180.96    451.56  
792	  182.74    452.12  
793	  184.62    451.42  
794	  182.54    452.11  
795	  181.88    451.94  
796	  182.92    452.06  
797	  182.56    452.08  
798	  182.90    450.94  
799	  185.17    451.66  
800	  185.62    449.92  
801	  182.92    453.22  
802	  183.21    452.85  
803	  184.73    452.27  
804	  185.55    452.63  
805	  184.01    452.82  
806	  184.26    454.12  
807	  185.38    453.04  
808	  184.06    453.32  
809	  186.06    453.12  
810	  187.22    451.52  
811	  187.18    449.78  
812	  186.06    452.80  
813	  184.46    452.65  
814	  186.17    452.02  
815	  185.47    451.77  
816	  186.56    451.53  
817	  186.39    450.75  
818	  186.32    451.13  
819	  186.53    450.89  
820	  187.14    453.05  
821	  186.25    451.82  
822	  188.04    452.50  
823	  185.94    453.24  
824	  186.68    451.66  
825	  185.44    450.22  
826	  182.76    451.84  
827	  182.81    450.87  
828	  181.57    451.58  
829	  181.46    451.87  
830	  181.10    451.75  
831	  180.41    450.74  
832	  181.82    452.44  
833	  183.90    453.37  
834	  184.81    452.01  
835	  184.47    451.22  
836	  185.13    452.39  
837	  184.72    451.66  
838	  185.65    451.27  
839	  185.44    451.19  
840	  184.75    452.13  
841	  184.70    452.96  
842	  183.26    453.01  
843	  183.39    452.61  
844	  183.69    452.85  
845	  188.17    452.04  
846	  186.98    452.19  
847	  187.95    452.89  
848	  186.70    451.37  
849	  187.76    451.06  
850	  186.11    450.89  
851	  185.97    451.76  
852	  186.42    452.17  
853	  182.60    451.50  
854	  182.24    452.89  
855	  180.93    453.69  
856	  181.14    452.62  
857	  179.83    451.31  
858	  182.87    450.07  
859	  180.04    449.71  
860	  180.68    450.45  
861	  183.43    450.38  
862	  183.85    451.73  
863	  181.92    451.74  
864	  180.65    453.02  
865	  181.54    451.44  
866	  183.47    452.65  
867	  182.81    453.50  
868	  184.09    453.04  
869	  182.76    451.99  
870	  182.17    451.97  
871	  183.76    452.24  
872	  184.76    453.20  
873	  185.18    451.17  
874	  185.25    452.19  
875	  184.70    452.03  
876	  183.11    452.27  
877	  183.44    453.00  
878	  185.55    453.25  
879	  184.75    452.28  
880	  182.82    453.17  
881	  181.57    452.99  
882	  183.89    452.73  
883	  181.88    452.26  
884	  183.25    453.23  
885	  183.17    453.41  
886	  184.38    452.16  
887	  183.85    452.32  
888	  184.25    453.22  
889	  184.17    452.97  
890	  184.32    453.92  
891	  187.00    453.21  
892	  188.13    451.91  
893	  188.06    450.94  
894	  188.65    452.27  
895	  186.71    452.47  
896	  186.57    450.90  
897	  186.32    451.92  
898	  185.61    452.27  
899	  186.01    451.16  
900	  184.58    451.43  
901	  183.80    451.96  
902	  184.85    451.84  
903	  182.30    452.09  
904	  181.41    451.63  
905	  181.14    452.53  
906	  181.60    451.37  
907	  183.34    451.40  
908	  183.64    451.53  
909	  185.14    451.95  
910	  183.57    452.01  
911	  184.72    452.03  
912	  184.21    451.29  
913	  184.29    452.43  
914	  184.57    453.14  
915	  182.61    452.05  
916	  182.73    449.93  
917	  183.64    452.20  
918	  183.39    454.10  
919	  183.78    452.18  
920	  185.39    452.08  
921	  186.90    451.01  
922	  186.93    450.58  
923	  183.95    452.23  
924	  185.09    452.97  
925	  183.43    451.99  
926	  183.77    451.76  
927	  183.93    450.85  
928	  182.72    451.57  
929	  183.87    451.56  
930	  186.59    451.17  
931	  186.37    451.36  
932	  186.31    450.87  
933	  185.22    450.97  
934	  185.91    451.13  
935	  185.14    451.45  
936	  183.49    452.77  
937	  184.90    452.56  
938	  184.55    451.96  
939	  183.01    452.79  
940	  183.25    452.37  
941	  182.80    451.21  
942	  184.19    453.67  
943	  185.73    453.34  
944	  186.42    454.35  
945	  185.05    453.72  
946	  185.53    454.69  
947	  183.84    453.87  
948	  184.62    452.74  
949	  184.97    452.27  
950	  183.69    450.17  
951	  184.70    451.96  
952	  185.65    453.48  
953	  184.09    451.88  
954	  185.05    452.61  
955	  185.41    453.52  
956	  184.77    452.44  
957	  184.92    454.11  
958	  185.08    451.89  
959	  186.34    450.94  
960	  186.78    448.63  
961	  188.67    451.87  
962	  186.94    451.57  
963	  185.35    449.78  
964	  186.53    451.26  
965	  184.23    451.94  
966	  185.55    452.35  
967	  185.34    453.08  
968	  186.70    452.62  
969	  184.65    452.50  
970	  184.61    452.32  
971	  184.33    452.69  
972	  182.84    452.39  
973	  183.15    452.56  
974	  182.29    452.62  
975	  184.27    451.52  
976	  184.47    451.57  
977	  185.69    451.84  
978	  185.65    450.22  
979	  183.75    451.03  
980	  185.03    450.73  
981	  185.30    451.99  
982	  185.52    451.67  
983	  183.24    451.97  
984	  182.55    452.93  
985	  181.11    452.32  
986	  181.63    451.41  
987	  180.15    452.36  
988	  180.79    452.83  
989	  181.63    452.29  
990	  183.18    451.64  
991	  183.27    451.29  
992	  184.90    452.62  
993	  183.81    452.71  
994	  184.04    452.08  
995	  186.25    452.12  
996	  186.81    452.53  
997	  185.86    451.71  
998	  185.06    450.93  
999	  183.27    450.48  
1000	  182.96    451.80  
1001	  181.18    450.42  
1002	  183.35    451.01  
1003	  183.31    452.92  
1004	  181.18    453.77  
1005	  183.78    452.89  
1006	  183.37    452.12  
1007	  182.87    452.88  
1008	  182.98    452.85  
1009	  184.08    451.23  
1010	  185.08    452.86  
1011	  184.16    452.98  
1012	  184.03    450.71  
1013	  183.72    451.64  
1014	  182.58    451.68  
1015	  183.22    452.50  
1016	  182.76    453.23  
1017	  182.97    451.86  
1018	  183.15    453.93  
1019	  183.94    453.44  
1020	  184.05    452.51  
1021	  182.36    452.79  
1022	  182.98    452.55  
1023	  183.01    452.27  
1024	  183.04    451.39  
1025	  184.04    450.53  
1026	  182.88    452.40  
1027	  184.35    451.22  
1028	  184.43    449.79  
1029	  185.89    452.04  
1030	  183.81    450.54  
1031	  184.24    450.11  
1032	  186.08    451.33  
1033	  185.91    451.94  
1034	  186.75    453.01  
1035	  187.01    453.00  
1036	  187.23    452.16  
1037	  186.92    452.32  
1038	  186.91    452.10  
1039	  186.15    451.58  
1040	  185.47    451.06  
1041	  185.63    451.94  
1042	  186.72    452.19  
1043	  185.77    452.54  
1044	  185.52    452.28  
1045	  187.52    451.60  
1046	  186.70    452.81  
1047	  187.48    452.22  
1048	  185.33    452.74  
1049	  184.80    452.82  
1050	  183.38    453.66  
1051	  184.77    453.42  
1052	  183.19    452.35  
1053	  181.40    450.89  
1054	  182.42    451.11  
1055	  183.02    451.43  
1056	  181.81    452.46  
1057	  182.87    451.34  
1058	  183.27    451.75  
1059	  185.35    450.65  
1060	  184.37    451.24  
1061	  185.33    452.40  
1062	  185.68    453.01  
1063	  184.90    451.54  
1064	  184.33    451.42  
1065	  184.62    451.42  
1066	  183.48    452.35  
1067	  182.66    451.45  
1068	  182.86    451.68  
1069	  181.31    453.31  
1070	  181.42    452.35  
1071	  183.56    452.25  
1072	  183.88    451.62  
1073	  183.08    452.07  
1074	  183.80    453.07  
1075	  182.72    450.65  
1076	  183.78    451.96  
1077	  184.90    450.36  
1078	  183.08    452.12  
1079	  182.33    450.43  
1080	  183.13    450.89  
1081	  185.20    452.63  
1082	  185.65    451.45  
1083	  186.01    451.33  
1084	  184.79    452.16  
1085	  184.52    450.78  
1086	  183.99    452.52  
1087	  183.01    451.75  
1088	  183.50    452.82  
1089	  185.29    454.27  
1090	  185.32    452.50  
1091	  185.78    450.58  
1092	  185.30    449.93  
1093	  185.51    448.85  
1094	  183.74    449.79  
1095	  183.98    450.28  
1096	  184.26    451.54  
1097	  184.08    452.36  
1098	  183.81    452.34  
1099	  182.17    452.39  
1100	  184.43    452.75  
1101	  185.98    453.45  
1102	  183.84    451.92  
1103	  185.03    450.13  
1104	  184.92    452.40  
1105	  185.89    453.20  
1106	  185.85    454.41  
1107	  185.99    454.95  
1108	  183.91    454.18  
1109	  184.05    453.16  
1110	  184.78    453.72  
1111	  182.64    453.47  
1112	  184.21    453.42  
1113	  184.13    451.95  
1114	  183.60    452.08  
1115	  185.50    452.07  
1116	  184.65    452.58  
1117	  184.78    452.13  
1118	  183.48    452.31  
1119	  184.86    451.13  
1120	  182.72    452.42  
1121	  182.95    451.96  
1122	  182.99    450.97  
1123	  183.29    452.58  
1124	  183.45    452.52  
1125	  184.22    451.95  
1126	  184.15    450.49  
1127	  184.42    451.31  
1128	  183.86    452.31  
1129	  184.36    451.95  
1130	  185.02    452.68  
1131	  184.58    452.83  
1132	  185.09    451.69  
1133	  185.00    451.65  
1134	  184.38    451.58  
1135	  185.51    451.06  
1136	  184.25    449.90  
1137	  185.13    451.29  
1138	  186.35    453.25  
1139	  185.25    453.78  
1140	  184.38    453.39  
1141	  184.17    454.03  
1142	  185.95    452.60  
1143	  184.24    453.02  
1144	  182.30    452.44  
1145	  182.65    453.12  
1146	  185.34    452.91  
1147	  184.64    452.88  
1148	  185.63    449.83  
1149	  184.16    450.30  
1150	  182.97    450.71  
1151	  183.06    451.16  
1152	  182.12    452.94  
1153	  181.14    453.04  
1154	  182.58    453.19  
1155	  183.06    453.58  
1156	  182.09    454.64  
1157	  183.46    453.71  
1158	  183.57    453.04  
1159	  183.45    454.13  
1160	  183.65    454.46  
1161	  184.44    454.51  
1162	  182.53    454.04  
1163	  183.47    453.60  
1164	  181.88    453.59  
1165	  181.75    451.56  
1166	  183.03    451.11  
1167	  184.79    453.20  
1168	  184.05    454.51  
1169	  183.60    453.72  
1170	  184.46    455.19  
1171	  185.86    454.87  
1172	  185.06    454.30  
1173	  183.96    454.15  
1174	  181.78    452.88  
1175	  180.09    451.06  
1176	  178.76    451.35  
1177	  180.24    452.86  
1178	  181.82    452.14  
1179	  181.80    451.93  
1180	  180.83    450.64  
1181	  183.15    451.05  
1182	  183.86    451.26  
1183	  185.93    450.95  
1184	  185.49    452.45  
1185	  185.54    453.13  
1186	  185.72    452.47  
1187	  184.60    453.27  
1188	  184.65    452.08  
1189	  182.47    451.72  
1190	  182.14    453.08  
1191	  184.79    452.40  
1192	  184.21    451.43  
1193	  182.74    452.11  
1194	  182.81    452.08  
1195	  185.31    452.33  
1196	  184.03    452.39  
1197	  184.47    454.84  
1198	  185.86    453.88  
1199	  184.39    453.89  
1200	  182.95    453.28  
1201	  183.47    451.68  
1202	  183.79    451.10  
1203	  185.37    452.90  
1204	  184.91    452.20  
1205	  182.88    451.14  
1206	  181.48    452.34  
1207	  180.10    451.93  
1208	  180.73    453.43  
1209	  181.94    453.13  
1210	  185.82    453.00  
1211	  186.21    452.53  
1212	  183.92    452.38  
1213	  182.10    452.88  
1214	  181.75    454.11  
1215	  183.32    454.36  
1216	  183.86    455.56  
1217	  185.14    454.36  
1218	  184.60    453.85  
1219	  184.54    454.60  
1220	  183.74    453.72  
1221	  182.35    452.03  
1222	  184.89    451.55  
1223	  184.23    451.76  
1224	  184.64    451.05  
1225	  184.67    450.83  
1226	  184.89    452.61  
1227	  184.74    453.59  
1228	  184.20    453.07  
1229	  186.87    453.08  
1230	  186.71    451.67  
1231	  187.78    452.31  
1232	  188.92    450.55  
1233	  187.84    451.79  
1234	  187.80    452.90  
1235	  186.60    451.85  
1236	  186.28    452.20  
1237	  185.16    451.26  
1238	  184.03    451.80  
1239	  185.26    450.38  
1240	  184.00    451.19  
1241	  185.69    451.49  
1242	  186.11    451.71  
1243	  185.74    452.78  
1244	  186.13    451.69  
1245	  184.02    451.21  
1246	  183.99    452.73  
1247	  184.45    453.25  
1248	  184.52    450.80  
1249	  183.43    452.91  
1250	  182.15    453.59  
1251	  180.60    451.07  
1252	  181.85    453.15  
1253	  180.54    452.41  
1254	  182.78    452.82  
1255	  184.30    453.35  
1256	  185.00    453.55  
1257	  182.47    453.08  
1258	  181.71    453.54  
1259	  182.49    451.98  
1260	  181.54    452.13  
1261	  182.69    451.87  
1262	  181.68    451.94  
1263	  181.49    452.95  
1264	  182.33    453.67  
1265	  183.81    452.94  
1266	  183.54    454.68  
1267	  183.99    453.39  
1268	  185.07    452.45  
1269	  185.22    452.76  
1270	  183.68    452.39  
1271	  185.22    453.49  
1272	  183.90    452.58  
1273	  184.25    452.93  
1274	  185.19    452.03  
1275	  185.29    450.88  
1276	  185.10    450.10  
1277	  183.95    451.67  
1278	  184.34    451.22  
1279	  184.21    451.82  
1280	  185.69    451.30  
1281	  187.09    452.76  
1282	  184.91    453.48  
1283	  183.54    453.24  
1284	  183.40    451.80  
1285	  184.09    451.39  
1286	  182.69    450.95  
1287	  182.23    451.47  
1288	  182.95    452.73  
1289	  182.66    452.53  
1290	  181.01    452.09  
1291	  181.08    450.91  
1292	  182.21    451.96  
1293	  182.51    452.16  
1294	  182.77    452.32  
1295	  183.50    450.85  
1296	  182.84    451.81  
1297	  181.14    452.15  
1298	  180.83    453.62  
1299	  181.97    451.98  
1300	  184.25    453.33  
1301	  185.10    452.27  
1302	  185.13    451.44  
1303	  183.51    452.95  
1304	  182.43    453.94  
1305	  182.65    452.86  
1306	  183.73    453.32  
1307	  184.77    450.76  
1308	  184.19    452.35  
1309	  183.07    452.04  
1310	  183.76    453.14  
1311	  184.83    452.59  
1312	  183.85    451.74  
1313	  183.49    451.04  
1314	  182.49    453.14  
1315	  182.15    455.00  
1316	  181.98    453.82  
1317	  182.72    454.27  
1318	  184.91    453.65  
1319	  186.38    453.46  
1320	  185.54    451.99  
1321	  185.37    452.54  
1322	  183.04    451.30  
1323	  185.91    452.23  
1324	  185.96    451.84  
1325	  185.85    451.80  
1326	  186.02    451.87  
1327	  185.55    452.78  
1328	  184.28    454.06  
1329	  183.20    453.23  
1330	  182.69    452.53  
1331	  182.17    452.60  
1332	  182.40    451.31  
1333	  182.71    452.20  
1334	  183.53    453.40  
1335	  182.79    453.27  
1336	  182.43    452.20  
1337	  183.08    452.15  
1338	  184.81    451.47  
1339	  184.06    450.51  
1340	  185.24    451.17  
1341	  183.76    452.41  
1342	  182.48    451.45  
1343	  183.99    452.11  
1344	  187.26    450.41  
1345	  186.22    452.87  
1346	  184.96    453.42  
1347	  185.58    452.49  
1348	  186.62    452.64  
1349	  186.41    452.20  
1350	  185.50    451.71  
1351	  184.04    451.20  
1352	  183.96    451.18  
1353	  183.14    451.99  
1354	  183.43    451.76  
1355	  184.08    453.06  
1356	  184.08    452.05  
1357	  184.60    449.45  
1358	  187.23    451.62  
1359	  187.07    453.55  
1360	  187.49    452.80  
1361	  187.07    452.17  
1362	  185.62    450.47  
1363	  185.76    452.14  
1364	  187.24    451.28  
1365	  187.60    451.65  
1366	  188.30    452.96  
1367	  187.86    452.02  
1368	  185.81    452.04  
1369	  184.14    451.64  
1370	  183.21    451.88  
1371	  185.27    453.08  
1372	  184.61    453.31  
1373	  183.21    451.88  
1374	  180.33    452.37  
1375	  180.12    453.87  
1376	  181.06    452.58  
1377	  180.80    453.12  
1378	  179.47    452.90  
1379	  181.32    452.31  
1380	  182.54    452.62  
1381	  182.61    452.14  
1382	  184.24    452.79  
1383	  184.51    452.17  
1384	  183.93    451.51  
1385	  183.92    452.27  
1386	  183.63    450.95  
1387	  181.46    452.36  
1388	  181.14    451.25  
1389	  181.21    453.04  
1390	  180.82    452.08  
1391	  180.86    452.97  
1392	  182.98    452.13  
1393	  183.32    451.59  
1394	  185.08    452.54  
1395	  184.53    452.83  
1396	  183.68    450.99  
1397	  184.54    451.78  
1398	  184.49    452.94  
1399	  185.45    451.79  
1400	  183.31    452.42  
1401	  183.99    450.84  
1402	  185.94    452.01  
1403	  184.42    450.43  
1404	  183.51    450.74  
1405	  180.45    449.34  
1406	  180.21    452.07  
1407	  179.76    452.74  
1408	  180.25    452.25  
1409	  181.68    452.07  
1410	  182.91    450.87  
1411	  182.72    451.34  
1412	  182.62    451.06  
1413	  183.26    452.04  
1414	  182.81    451.71  
1415	  182.15    451.56  
1416	  183.13    451.31  
1417	  183.46    452.99  
1418	  181.61    453.31  
1419	  181.53    452.31  
1420	  181.80    452.91  
1421	  181.99    453.41  
1422	  183.21    452.22  
1423	  184.07    451.95  
1424	  183.99    451.96  
1425	  185.39    452.90  
1426	  184.17    452.86  
1427	  183.98    452.06  
1428	  182.85    452.48  
1429	  183.25    452.23  
1430	  183.26    450.37  
1431	  184.53    451.12  
1432	  185.15    451.82  
1433	  184.46    451.47  
1434	  185.96    452.23  
1435	  185.05    451.13  
1436	  184.14    450.30  
1437	  184.56    452.74  
1438	  184.79    452.60  
1439	  183.47    453.62  
1440	  184.65    454.25  
1441	  185.05    453.60  
1442	  184.56    453.01  
1443	  185.21    452.17  
1444	  183.90    453.40  
1445	  184.17    452.30  
1446	  183.61    452.96  
1447	  182.23    452.51  
1448	  184.24    451.14  
1449	  183.99    452.15  
1450	  185.05    451.03  
1451	  183.55    452.21  
1452	  184.08    452.49  
1453	  183.80    450.22  
1454	  184.76    452.17  
1455	  185.32    452.42  
1456	  185.46    452.95  
1457	  184.11    452.09  
1458	  184.78    452.20  
1459	  185.23    451.35  
1460	  185.92    451.77  
1461	  184.63    451.45  
1462	  184.30    452.73  
1463	  183.53    452.14  
1464	  183.95    450.41  
1465	  184.17    450.31  
1466	  185.73    451.28  
1467	  186.91    451.43  
1468	  186.78    450.97  
1469	  185.94    452.35  
1470	  185.38    453.00  
1471	  186.78    451.16  
1472	  187.10    451.05  
1473	  188.15    452.69  
1474	  188.55    451.30  
1475	  188.91    450.74  
1476	  190.25    451.14  
1477	  190.94    449.86  
1478	  191.19    451.64  
1479	  189.40    451.64  
1480	  187.79    452.26  
1481	  187.21    451.78  
1482	  186.09    451.63  
1483	  184.97    452.33  
1484	  187.04    451.26  
1485	  186.70    450.48  
1486	  187.58    452.27  
1487	  187.60    451.56  
1488	  184.86    452.15  
1489	  184.76    451.15  
1490	  185.98    450.79  
1491	  184.94    451.37  
1492	  186.94    452.19  
1493	  185.82    452.24  
1494	  184.35    451.68  
1495	  184.62    451.47  
1496	  184.11    451.41  
1497	  185.04    451.34  
1498	  186.07    450.94  
1499	  183.88    451.61  
1500	  187.18    451.70  
1501	  183.56    452.19  
1502	  182.10    453.26  
1503	  181.25    453.07  
1504	  182.31    454.34  
1505	  182.78    452.11  
1506	  185.06    452.96  
1507	  183.87    453.34  
1508	  182.24    454.46  
1509	  183.63    452.98  
1510	  181.42    452.43  
1511	  182.98    450.46  
1512	  183.31    451.70  
1513	  184.70    451.40  
1514	  185.63    451.04  
1515	  186.20    451.29  
1516	  185.37    451.08  
1517	  187.06    453.40  
1518	  186.99    453.04  
1519	  186.68    452.56  
1520	  186.04    453.05  
1521	  183.22    452.24  
1522	  182.66    453.18  
1523	  185.09    453.40  
1524	  184.41    452.02  
1525	  185.27    451.55  
1526	  185.23    453.23  
1527	  187.36    452.97  
1528	  187.34    453.21  
1529	  188.19    451.74  
1530	  186.30    451.98  
1531	  186.26    452.92  
1532	  185.96    451.80  
1533	  187.00    453.22  
1534	  186.12    453.29  
1535	  187.29    452.86  
1536	  186.03    453.53  
1537	  186.02    452.50  
1538	  186.79    451.67  
1539	  187.63    451.86  
1540	  185.52    452.25  
1541	  185.42    452.39  
1542	  184.93    453.06  
1543	  184.55    452.52  
1544	  184.51    451.77  
1545	  184.23    452.10  
1546	  186.55    451.60  
1547	  184.48    450.72  
1548	  182.90    454.19  
1549	  184.42    453.72  
1550	  184.32    454.78  
1551	  183.26    453.66  
1552	  185.86    451.18  
1553	  183.60    450.42  
1554	  183.36    451.61  
1555	  184.58    450.96  
1556	  182.44    452.26  
1557	  180.58    449.93  
1558	  180.57    450.91  
1559	  180.87    451.06  
1560	  185.14    452.88  
1561	  185.39    451.83  
1562	  183.40    453.60  
1563	  182.64    452.06  
1564	  182.54    451.82  
1565	  182.95    451.34  
1566	  182.84    452.43  
1567	  184.00    453.75  
1568	  184.46    454.37  
1569	  184.20    453.19  
1570	  185.29    451.23  
1571	  184.26    450.20  
1572	  183.76    449.54  
1573	  185.12    449.86  
1574	  185.22    451.00  
1575	  185.24    451.26  
1576	  184.90    452.46  
1577	  184.05    452.68  
1578	  185.01    451.99  
1579	  183.54    452.35  
1580	  185.55    452.71  
1581	  186.47    454.21  
1582	  184.64    453.16  
1583	  183.78    453.31  
1584	  184.16    452.20  
1585	  184.28    451.25  
1586	  184.30    451.47  
1587	  184.15    451.98  
1588	  183.40    452.50  
1589	  185.60    451.20  
1590	  184.60    451.35  
1591	  184.39    451.38  
1592	  182.30    451.42  
1593	  182.42    453.22  
1594	  182.72    452.54  
1595	  184.11    453.15  
1596	  185.26    453.16  
1597	  184.27    452.29  
1598	  183.56    452.36  
1599	  183.76    452.41  
1600	  185.29    450.21  
1601	  184.17    451.09  
1602	  184.78    451.97  
1603	  184.29    453.37  
1604	  183.58    453.78  
1605	  184.48    452.91  
1606	  184.19    451.46  
1607	  185.55    452.38  
1608	  186.68    453.22  
1609	  185.91    452.98  
1610	  185.66    452.44  
1611	  185.05    453.16  
1612	  183.36    451.86  
1613	  183.53    452.32  
1614	  182.84    452.89  
1615	  184.45    452.51  
1616	  185.77    453.06  
1617	  185.71    453.40  
1618	  185.63    452.09  
1619	  188.25    451.97  
1620	  187.13    453.60  
1621	  186.75    454.72  
1622	  186.08    455.35  
1623	  183.99    454.03  
1624	  183.04    452.51  
1625	  183.28    450.98  
1626	  183.91    451.94  
1627	  185.34    451.17  
1628	  184.41    452.00  
1629	  182.93    451.44  
1630	  184.93    452.04  
1631	  183.38    452.62  
1632	  184.03    453.50  
1633	  184.48    452.00  
1634	  184.32    452.17  
1635	  185.33    452.95  
1636	  185.21    455.06  
1637	  186.54    454.08  
1638	  185.30    452.39  
1639	  187.90    453.28  
1640	  187.93    453.53  
1641	  188.16    453.62  
1642	  187.44    453.05  
1643	  187.31    452.34  
1644	  186.58    453.81  
1645	  185.02    453.11  
1646	  183.58    452.26  
1647	  184.61    451.35  
1648	  183.95    452.69  
1649	  183.22    452.24  
1650	  184.36    453.00  
1651	  184.38    452.26  
1652	  184.69    450.65  
1653	  184.23    452.88  
1654	  183.78    452.85  
1655	  184.71    451.87  
1656	  184.20    451.42  
1657	  183.78    450.48  
1658	  184.27    450.71  
1659	  185.35    450.35  
1660	  184.56    452.04  
1661	  184.77    451.89  
1662	  184.60    451.53  
1663	  185.68    453.94  
1664	  187.98    453.83  
1665	  187.43    453.58  
1666	  188.56    452.70  
1667	  188.01    452.77  
1668	  186.39    454.35  
1669	  185.50    453.13  
1670	  185.09    451.29  
1671	  184.28    454.12  
1672	  185.20    454.09  
1673	  185.96    453.04  
1674	  184.94    454.58  
1675	  185.20    455.33  
1676	  184.92    454.32  
1677	  183.66    452.66  
1678	  184.48    452.30  
1679	  184.57    451.04  
1680	  184.48    453.33  
1681	  183.76    450.60  
1682	  184.01    452.14  
1683	  184.17    451.02  
1684	  184.54    451.76  
1685	  183.91    453.12  
1686	  181.61    453.26  
1687	  183.12    452.34  
1688	  184.53    451.83  
1689	  185.79    451.97  
1690	  184.42    451.99  
1691	  184.45    451.93  
1692	  186.89    450.99  
1693	  187.94    451.02  
1694	  185.98    450.20  
1695	  185.44    452.16  
1696	  186.73    452.45  
1697	  186.34    451.89  
1698	  185.79    451.28  
1699	  185.94    450.96  
1700	  184.40    450.81  
1701	  183.50    450.58  
1702	  182.63    452.03  
1703	  182.08    452.65  
1704	  180.76    453.44  
1705	  183.17    453.27  
1706	  186.55    453.24  
1707	  184.99    452.05  
1708	  186.72    452.49  
1709	  185.70    453.17  
1710	  185.46    453.20  
1711	  185.57    451.28  
1712	  184.40    453.56  
1713	  183.09    453.39  
1714	  184.04    453.90  
1715	  183.95    452.56  
1716	  183.32    453.36  
1717	  183.23    453.34  
1718	  182.93    452.45  
1719	  183.32    452.97  
1720	  182.75    451.24  
1721	  182.87    451.06  
1722	  182.11    451.88  
1723	  183.05    452.79  
1724	  183.73    453.00  
1725	  183.50    452.61  
1726	  184.29    451.38  
1727	  183.90    451.21  
1728	  183.15    452.71  
1729	  182.35    452.66  
1730	  183.46    451.67  
1731	  183.50    451.35  
1732	  185.11    452.86  
1733	  184.98    453.52  
1734	  185.26    453.08  
1735	  186.56    452.08  
1736	  186.79    452.85  
1737	  185.97    452.03  
1738	  187.77    451.27  
1739	  187.76    451.47  
1740	  188.10    451.35  
1741	  185.20    451.75  
1742	  186.04    451.89  
1743	  185.62    451.00  
1744	  187.83    450.08  
1745	  187.87    452.42  
1746	  186.75    452.48  
1747	  185.08    452.00  
1748	  185.53    450.92  
1749	  184.34    449.80  
1750	  182.78    450.06  
1751	  182.15    452.55  
1752	  183.56    452.62  
1753	  185.65    452.14  
1754	  185.04    450.37  
1755	  186.12    451.69  
1756	  185.39    453.17  
1757	  184.90    452.80  
1758	  184.01    453.61  
1759	  185.42    453.92  
1760	  183.92    452.17  
1761	  185.56    453.31  
1762	  184.94    451.14  
1763	  185.01    451.60  
1764	  184.72    451.11  
1765	  185.53    451.22  
1766	  184.70    451.11  
1767	  184.59    451.98  
1768	  184.79    452.43  
1769	  184.19    451.89  
1770	  184.80    452.25  
1771	  183.61    451.98  
1772	  182.93    452.15  
1773	  182.79    453.03  
1774	  181.54    451.66  
1775	  182.74    449.62  
1776	  184.46    451.27  
1777	  184.57    450.12  
1778	  182.83    449.59  
1779	  183.44    451.27  
1780	  186.08    453.79  
1781	  184.58    452.15  
1782	  183.76    451.29  
1783	  186.35    452.49  
1784	  186.48    453.14  
1785	  186.10    453.25  
1786	  185.09    452.60  
1787	  186.11    452.35  
1788	  184.97    452.44  
1789	  186.59    452.42  
1790	  185.64    452.39  
1791	  186.84    451.66  
1792	  187.49    454.80  
1793	  188.17    454.31  
1794	  189.31    450.90  
1795	  187.75    451.47  
1796	  187.58    450.86  
1797	  188.23    451.81  
1798	  185.85    454.23  
1799	  184.84    453.90  
1800	  183.75    454.01  
1801	  183.37    453.94  
1802	  182.88    453.76  
1803	  185.12    454.00  
1804	  185.27    453.08  
1805	  185.88    453.88  
1806	  186.87    453.70  
1807	  186.63    453.20  
1808	  185.84    453.58  
1809	  183.27    452.85  
1810	  184.28    451.41  
1811	  183.77    451.65  
1812	  182.04    451.81  
1813	  182.14    452.40  
1814	  182.07    450.27  
1815	  182.20    449.85  
1816	  182.29    451.19  
1817	  181.20    451.94  
1818	  180.46    452.16  
1819	  181.64    453.00  
1820	  182.22    453.48  
1821	  183.55    453.15  
1822	  185.47    453.13  
1823	  185.53    452.66  
1824	  185.76    450.14  
1825	  185.19    449.63  
1826	  185.96    453.59  
1827	  188.22    452.37  
1828	  186.63    453.17  
1829	  185.44    453.86  
1830	  185.33    452.79  
1831	  184.15    452.50  
1832	  182.46    452.44  
1833	  183.15    450.78  
1834	  184.44    449.28  
1835	  186.54    450.91  
1836	  186.62    449.98  
1837	  186.15    452.78  
1838	  188.00    451.39  
1839	  186.93    452.32  
1840	  186.33    453.13  
1841	  184.89    453.03  
1842	  185.08    454.26  
1843	  185.47    451.18  
1844	  185.52    450.51  
1845	  185.08    451.60  
1846	  183.42    453.10  
1847	  182.97    453.50  
1848	  183.28    453.10  
1849	  184.72    452.98  
1850	  184.39    451.23  
1851	  183.41    453.21  
1852	  184.35    452.09  
1853	  182.89    452.28  
1854	  182.89    453.36  
1855	  181.63    452.27  
1856	  180.02    452.53  
1857	  178.82    452.59  
1858	  181.68    454.22  
1859	  183.18    455.13  
1860	  184.65    453.90  
1861	  184.03    452.05  
1862	  185.93    452.79  
1863	  183.79    452.42  
1864	  183.64    451.64  
1865	  183.15    451.70  
1866	  184.36    454.11  
1867	  185.89    453.00  
1868	  185.94    451.99  
1869	  187.50    452.97  
1870	  185.32    453.99  
1871	  186.71    453.41  
1872	  187.28    453.29  
1873	  187.26    452.32  
1874	  184.44    451.58  
1875	  182.65    450.43  
1876	  184.59    451.57  
1877	  183.59    453.21  
1878	  185.69    453.77  
1879	  186.75    453.21  
1880	  186.31    451.91  
1881	  186.22    452.27  
1882	  186.39    452.02  
1883	  184.32    451.81  
1884	  184.56    453.08  
1885	  183.71    452.25  
1886	  184.86    452.92  
1887	  184.18    453.76  
1888	  184.08    453.69  
1889	  185.43    453.27  
1890	  186.50    451.61  
1891	  184.55    450.36  
1892	  186.37    450.42  
1893	  187.93    451.74  
1894	  186.81    452.08  
1895	  186.08    452.24  
1896	  186.18    453.02  
1897	  185.01    453.22  
1898	  183.90    452.03  
1899	  183.89    453.07  
1900	  184.87    452.20  
1901	  183.08    452.28  
1902	  183.93    452.75  
1903	  183.92    453.94  
1904	  183.17    454.66  
1905	  182.52    453.18  
1906	  182.27    453.38  
1907	  183.38    453.60  
1908	  182.94    454.07  
1909	  181.14    453.73  
1910	  184.65    452.75  
1911	  185.80    453.00  
1912	  186.79    453.45  
1913	  186.73    452.35  
1914	  188.13    452.94  
1915	  185.34    451.93  
1916	  183.27    451.46  
1917	  183.26    451.54  
1918	  183.63    452.94  
1919	  184.03    451.79  
1920	  182.69    451.76  
1921	  183.50    453.38  
1922	  183.99    452.32  
1923	  184.07    452.20  
1924	  185.59    452.72  
1925	  185.02    453.78  
1926	  184.57    452.93  
1927	  183.55    453.18  
1928	  184.68    453.02  
1929	  184.92    453.48  
1930	  186.50    454.40  
1931	  185.80    452.91  
1932	  186.00    452.08  
1933	  186.25    451.75  
1934	  184.05    451.20  
1935	  183.58    452.74  
1936	  183.87    454.09  
1937	  185.17    452.79  
1938	  184.92    450.79  
1939	  186.65    450.69  
1940	  186.53    450.40  
1941	  185.75    452.04  
1942	  184.75    450.93  
1943	  182.68    451.29  
1944	  183.03    453.57  
1945	  180.93    452.57  
1946	  181.26    453.08  
1947	  181.48    452.70  
1948	  181.46    454.03  
1949	  182.31    452.24  
1950	  182.41    451.99  
1951	  184.48    452.53  
1952	  183.50    450.95  
1953	  184.22    452.90  
1954	  184.09    451.87  
1955	  182.24    452.24  
1956	  181.94    452.73  
1957	  185.36    451.33  
1958	  185.32    451.75  
1959	  185.08    451.20  
1960	  186.03    449.56  
1961	  187.02    451.81  
1962	  187.30    452.96  
1963	  187.39    453.44  
1964	  186.10    454.63  
1965	  185.68    452.79  
1966	  187.77    453.05  
1967	  184.25    452.10  
1968	  184.58    450.73  
1969	  187.10    452.60  
1970	  185.30    452.20  
1971	  182.55    451.53  
1972	  182.93    452.54  
1973	  184.91    450.77  
1974	  183.82    453.11  
1975	  182.64    452.27  
1976	  182.00    451.69  
1977	  184.26    452.87  
1978	  187.05    453.80  
1979	  188.16    451.14  
1980	  187.25    451.86  
1981	  186.58    451.42  
1982	  186.96    453.55  
1983	  187.69    453.57  
1984	  186.91    453.21  
1985	  185.09    453.80  
1986	  184.72    453.23  
1987	  184.53    452.41  
1988	  184.05    451.88  
1989	  184.25    452.97  
1990	  184.07    452.69  
1991	  185.71    450.49  
1992	  185.73    452.29  
1993	  186.18    451.56  
1994	  184.41    453.18  
1995	  184.39    453.30  
1996	  186.10    451.09  
1997	  189.01    450.36  
1998	  190.35    450.04  
1999	  188.40    451.14  
2000	  187.52    450.66  
2001	  185.62    450.15  
2002	  187.80    453.06  
2003	  187.67    453.39  
2004	  188.31    453.89  
2005	  188.30    452.81  
2006	  187.15    454.45  
2007	  186.92    455.99  
2008	  184.94    454.66  
2009	  184.18    453.21  
2010	  183.78    452.83  
2011	  184.49    453.17  
2012	  182.59    452.31  
2013	  183.85    451.41  
2014	  182.13    452.91  
2015	  182.70    452.33  
2016	  183.09    451.44  
2017	  184.70    451.57  
2018	  184.24    451.54  
2019	  184.03    451.49  
2020	  185.02    451.25  
2021	  183.61    452.66  
2022	  183.62    452.24  
2023	  185.41    451.83  
2024	  184.95    451.61  
2025	  185.03    452.23  
2026	  186.80    453.04  
2027	  186.18    452.61  
2028	  184.35    452.33  
2029	  185.82    451.25  
2030	  185.78    453.02  
2031	  184.52    452.18  
2032	  182.26    451.96  
2033	  184.73    451.86  
2034	  183.38    452.41  
2035	  184.35    451.58  
2036	  184.90    449.97  
2037	  185.91    450.84  
2038	  187.02    449.86  
2039	  188.33    450.23  
2040	  188.25    451.59  
2041	  187.13    452.19  
2042	  185.19    452.86  
2043	  185.88    453.84  
2044	  185.19    452.10  
2045	  185.86    451.53  
2046	  184.22    452.12  
2047	  183.87    452.18  
2048	  184.81    453.33  
2049	  183.99    451.07  
2050	  182.74    452.07  
2051	  184.31    452.29  
2052	  183.75    451.37  
2053	  183.03    451.99  
2054	  182.91    451.92  
2055	  183.15    451.92  
2056	  183.21    451.55  
2057	  183.71    452.50  
2058	  182.98    453.85  
2059	  182.00    454.05  
2060	  182.36    450.19  
2061	  181.58    450.42  
2062	  182.43    451.67  
2063	  180.90    452.15  
2064	  182.84    453.73  
2065	  184.22    452.65  
2066	  183.19    451.59  
2067	  184.25    452.12  
2068	  183.51    451.00  
2069	  184.44    450.13  
2070	  182.74    450.01  
2071	  183.13    451.21  
2072	  183.34    450.48  
2073	  182.10    452.83  
2074	  182.48    451.66  
2075	  184.74    451.79  
2076	  184.85    452.68  
2077	  185.02    449.80  
2078	  184.62    450.32  
2079	  184.07    450.57  
2080	  183.87    450.89  
2081	  184.29    453.38  
2082	  183.73    453.80  
2083	  183.14    452.50  
2084	  182.53    451.72  
2085	  183.41    451.39  
2086	  182.32    452.59  
2087	  182.10    455.16  
2088	  181.74    453.04  
2089	  181.83    450.81  
2090	  183.00    451.68  
2091	  184.91    452.53  
2092	  183.93    453.89  
2093	  183.55    453.48  
2094	  182.50    453.55  
2095	  184.20    453.46  
2096	  183.25    452.11  
2097	  183.15    451.33  
2098	  183.78    451.26  
2099	  185.74    453.25  
2100	  185.66    452.98  
2101	  185.35    452.27  
2102	  186.50    452.54  
2103	  185.94    452.61  
2104	  189.27    452.90  
2105	  187.12    452.39  
2106	  185.87    453.54  
2107	  184.42    452.21  
2108	  182.89    453.03  
2109	  181.92    454.52  
2110	  183.18    453.53  
2111	  183.42    453.66  
2112	  183.40    452.47  
2113	  183.72    451.64  
2114	  183.85    453.66  
2115	  183.16    452.04  
2116	  184.91    451.38  
2117	  184.84    451.91  
2118	  183.81    452.21  
2119	  184.87    453.24  
2120	  186.43    454.05  
2121	  184.93    452.58  
2122	  183.64    452.98  
2123	  183.88    452.49  
2124	  184.33    452.18  
2125	  185.97    453.82  
2126	  187.69    450.32  
2127	  184.52    452.84  
2128	  181.21    453.46  
2129	  182.95    452.35  
2130	  184.14    451.47  
2131	  184.21    452.45  
2132	  185.46    451.69  
2133	  186.55    451.12  
2134	  187.52    451.90  
2135	  186.69    451.66  
2136	  188.24    452.57  
2137	  185.81    452.73  
2138	  185.32    452.30  
2139	  185.65    451.37  
2140	  186.98    450.03  
2141	  187.49    451.64  
2142	  186.79    451.75  
2143	  187.88    452.33  
2144	  188.74    451.63  
2145	  189.58    453.71  
2146	  186.73    452.41  
2147	  189.11    452.26  
2148	  188.88    451.83  
2149	  187.18    452.79  
2150	  186.67    450.91  
2151	  188.85    450.43  
2152	  185.87    451.08  
2153	  187.30    452.37  
2154	  185.38    452.96  
2155	  184.90    451.70  
2156	  184.20    452.38  
2157	  182.89    451.09  
2158	  181.94    452.27  
2159	  181.98    454.12  
2160	  185.28    452.33  
2161	  183.08    451.66  
2162	  182.63    450.43  
2163	  183.70    451.08  
2164	  186.52    450.93  
2165	  183.95    451.65  
2166	  182.47    450.17  
2167	  183.63    451.26  
2168	  184.16    452.17  
2169	  182.39    452.29  
2170	  181.96    453.03  
2171	  183.18    454.61  
2172	  183.43    453.37  
2173	  184.85    451.57  
2174	  183.42    451.51  
2175	  185.13    451.25  
2176	  184.93    451.99  
2177	  183.47    451.29  
2178	  184.22    452.19  
2179	  184.85    452.68  
2180	  184.42    452.68  
2181	  185.04    451.38  
2182	  184.70    450.00  
2183	  185.28    451.61  
2184	  186.76    451.93  
2185	  184.22    452.67  
2186	  185.03    452.82  
2187	  183.44    452.52  
2188	  183.80    452.00  
2189	  184.95    453.45  
2190	  185.69    452.22  
2191	  186.17    452.29  
2192	  185.99    452.38  
2193	  186.70    451.84  
2194	  185.95    453.08  
2195	  185.68    452.40  
2196	  185.45    451.37  
2197	  184.76    450.20  
2198	  183.91    452.40  
2199	  185.02    451.64  
2200	  187.14    452.18  
2201	  186.46    451.15  
2202	  186.07    451.95  
2203	  187.26    451.44  
2204	  185.34    453.13  
2205	  186.37    452.45  
2206	  186.26    449.95  
2207	  186.77    450.99  
2208	  186.32    450.72  
2209	  186.42    452.44  
2210	  185.16    451.30  
2211	  182.91    450.86  
2212	  183.02    452.71  
2213	  182.49    454.01  
2214	  182.84    453.82  
2215	  184.03    453.22  
2216	  184.14    454.10  
2217	  182.21    453.22  
2218	  184.75    451.79  
2219	  184.19    453.31  
2220	  183.06    453.21  
2221	  184.75    451.99  
2222	  184.72    452.43  
2223	  184.04    452.66  
2224	  185.69    452.82  
2225	  184.98    451.04  
2226	  184.40    450.14  
2227	  184.75    450.31  
2228	  185.93    451.71  
2229	  185.35    452.89  
2230	  183.33    452.48  
2231	  184.94    451.19  
2232	  184.85    450.92  
2233	  184.73    452.91  
2234	  185.23    453.82  
2235	  186.52    452.29  
2236	  186.43    452.61  
2237	  186.78    453.70  
2238	  184.84    454.36  
2239	  183.83    454.13  
2240	  184.46    451.51  
2241	  186.40    452.16  
2242	  185.18    451.72  
2243	  185.50    453.65  
2244	  186.87    454.17  
2245	  186.35    452.50  
2246	  185.70    450.70  
2247	  186.24    451.09  
2248	  184.99    450.41  
2249	  184.18    450.83  
2250	  183.81    453.08  
2251	  183.23    451.33  
2252	  179.26    452.05  
2253	  180.74    451.44  
2254	  181.13    452.85  
2255	  184.07    452.98  
2256	  184.33    452.38  
2257	  181.57    452.91  
2258	  182.40    453.13  
2259	  183.67    453.32  
2260	  183.26    453.92  
2261	  182.35    452.41  
2262	  181.43    453.07  
2263	  180.47    451.94  
2264	  178.21    452.43  
2265	  180.79    451.77  
2266	  181.00    452.14  
2267	  181.53    451.74  
2268	  180.79    452.66  
2269	  181.87    451.87  
2270	  181.23    451.31  
2271	  182.31    450.73  
2272	  181.50    451.38  
2273	  180.45    451.46  
2274	  182.77    451.14  
2275	  182.20    451.52  
2276	  184.54    451.44  
2277	  185.83    451.00  
2278	  184.05    453.07  
2279	  183.92    452.42  
2280	  185.89    453.29  
2281	  186.92    453.15  
2282	  186.93    452.58  
2283	  186.23    453.00  
2284	  184.00    451.25  
2285	  184.66    451.73  
2286	  182.82    452.09  
2287	  182.16    452.42  
2288	  181.59    452.75  
2289	  182.25    451.11  
2290	  184.19    451.71  
2291	  181.92    451.45  
2292	  183.23    450.55  
2293	  182.48    452.36  
2294	  185.87    450.93  
2295	  185.73    451.09  
2296	  184.04    451.67  
2297	  182.52    451.87  
2298	  183.87    451.99  
2299	  183.70    453.22  
2300	  180.55    452.53  
2301	  183.10    453.21  
2302	  183.11    452.85  
2303	  183.61    452.14  
2304	  182.07    452.80  
2305	  182.88    454.39  
2306	  183.35    453.93  
2307	  184.08    451.13  
2308	  181.44    451.46  
2309	  179.77    453.28  
2310	  182.17    453.45  
2311	  183.32    453.06  
2312	  182.17    451.88  
2313	  185.26    452.27  
2314	  185.24    451.78  
2315	  183.80    452.32  
2316	  184.86    451.72  
2317	  183.78    453.05  
2318	  183.21    452.53  
2319	  183.33    452.47  
2320	  181.59    451.34  
2321	  181.93    451.65  
2322	  181.93    450.43  
2323	  181.37    450.68  
2324	  183.17    449.68  
2325	  182.52    451.38  
2326	  182.55    452.50  
2327	  183.07    451.54  
2328	  184.11    450.70  
2329	  184.56    451.76  
2330	  183.05    450.90  
2331	  183.60    450.15  
2332	  183.28    451.39  
2333	  185.24    451.13  
2334	  183.88    451.46  
2335	  182.75    453.11  
2336	  181.48    453.33  
2337	  181.85    452.72  
2338	  181.53    453.06  
2339	  182.41    452.87  
2340	  183.30    452.80  
2341	  181.56    452.37  
2342	  180.84    451.83  
2343	  181.36    453.20  
2344	  183.86    453.69  
2345	  183.42    452.97  
2346	  185.87    451.18  
2347	  185.28    453.76  
2348	  185.39    453.17  
2349	  184.92    451.43  
2350	  186.92    452.52  
2351	  186.92    453.37  
2352	  186.43    451.53  
2353	  187.09    452.17  
2354	  184.65    453.51  
2355	  184.04    451.63  
2356	  183.48    452.30  
2357	  182.02    452.66  
2358	  181.90    452.39  
2359	  181.89    452.98  
2360	  181.63    452.86  
2361	  182.30    450.75  
2362	  181.88    453.37  
2363	  182.60    452.70  
2364	  184.25    452.98  
2365	  183.47    453.45  
2366	  182.69    453.05  
2367	  183.60    452.91  
2368	  182.40    453.00  
2369	  184.20    452.47  
2370	  183.50    452.12  
2371	  183.63    450.28  
2372	  185.68    452.09  
2373	  187.78    451.76  
2374	  186.13    453.56  
2375	  186.60    452.96  
2376	  185.61    452.03  
2377	  185.62    450.99  
2378	  186.81    451.47  
2379	  184.03    452.33  
2380	  184.97    451.66  
2381	  185.94    452.33  
2382	  187.33    452.60  
2383	  186.73    452.30  
2384	  185.59    452.53  
2385	  185.16    452.66  
2386	  184.98    452.34  
2387	  186.08    451.84  
2388	  186.82    452.24  
2389	  187.18    453.16  
2390	  187.36    452.20  
2391	  186.96    452.09  
2392	  185.29    453.06  
2393	  186.00    452.29  
2394	  184.36    452.12  
2395	  182.48    452.95  
2396	  183.27    453.22  
2397	  183.67    452.54  
2398	  186.86    453.44  
2399	  185.39    452.97  
2400	  181.93    453.55  
2401	  183.38    453.49  
2402	  183.71    454.55  
2403	  185.18    454.64  
2404	  184.59    451.59  
2405	  184.51    452.14  
2406	  183.90    452.57  
2407	  182.23    452.22  
2408	  180.02    452.26  
2409	  181.41    452.09  
2410	  182.14    453.23  
2411	  182.71    453.06  
2412	  180.06    452.22  
2413	  180.74    451.53  
2414	  184.25    452.72  
2415	  187.10    453.32  
2416	  188.16    453.11  
2417	  186.92    454.20  
2418	  186.61    453.06  
2419	  185.77    452.37  
2420	  186.20    452.86  
2421	  187.01    452.11  
2422	  188.72    453.55  
2423	  187.65    452.24  
2424	  188.15    451.94  
2425	  188.53    450.54  
2426	  186.97    451.04  
2427	  186.45    451.77  
2428	  184.90    452.88  
2429	  184.38    453.19  
2430	  184.18    452.33  
2431	  187.12    452.78  
2432	  187.02    453.03  
2433	  186.10    454.38  
2434	  185.47    453.61  
2435	  183.69    452.99  
2436	  185.34    452.26  
2437	  185.08    454.12  
2438	  185.05    451.25  
2439	  185.57    452.11  
2440	  185.09    452.54  
2441	  183.63    452.47  
2442	  183.57    451.90  
2443	  185.98    452.68  
2444	  185.03    453.05  
2445	  185.20    452.30  
2446	  184.39    452.63  
2447	  184.33    451.64  
2448	  183.07    452.17  
2449	  181.36    451.18  
2450	  183.52    451.28  
2451	  183.44    452.71  
2452	  185.09    450.88  
2453	  183.71    452.30  
2454	  185.96    452.80  
2455	  186.42    452.89  
2456	  186.32    451.89  
2457	  186.35    450.56  
2458	  187.60    451.87  
2459	  186.99    452.05  
2460	  186.05    451.40  
2461	  188.05    451.99  
2462	  186.07    453.41  
2463	  186.70    452.21  
2464	  185.68    450.20  
2465	  185.18    450.18  
2466	  185.74    451.19  
2467	  183.82    452.13  
2468	  181.23    452.97  
2469	  181.81    452.30  
2470	  182.50    450.87  
2471	  183.24    451.17  
2472	  184.01    451.69  
2473	  181.16    452.34  
2474	  181.34    452.31  
2475	  182.49    453.57  
2476	  184.74    453.51  
2477	  185.01    453.35  
2478	  185.27    453.76  
2479	  186.27    451.80  
2480	  184.52    451.36  
2481	  183.60    452.44  
2482	  183.15    453.00  
2483	  182.04    452.14  
2484	  182.93    452.29  
2485	  183.14    453.39  
2486	  185.50    452.53  
2487	  183.74    452.26  
2488	  182.65    452.86  
2489	  184.04    454.68  
2490	  183.24    453.29  
2491	  181.54    452.72  
2492	  181.96    453.21  
2493	  183.31    451.87  
2494	  184.04    451.98  
2495	  183.25    451.04  
2496	  184.01    451.61  
2497	  185.76    450.18  
2498	  183.00    452.35  
2499	  182.29    453.18  
2500	  184.35    452.75  
2501	  184.80    452.40  
2502	  184.83    452.34  
2503	  185.05    452.78  
2504	  186.04    453.08  
2505	  186.84    451.00  
2506	  186.28    451.85  
2507	  186.68    451.61  
2508	  185.25    450.49  
2509	  187.24    452.02  
2510	  185.34    452.10  
2511	  184.49    452.18  
2512	  185.57    452.17  
2513	  184.19    452.58  
2514	  186.22    452.94  
2515	  184.30    454.31  
2516	  186.66    453.52  
2517	  186.00    453.52  
2518	  187.54    451.84  
2519	  186.33    451.48  
2520	  186.01    452.01  
2521	  185.82    451.52  
2522	  183.46    451.96  
2523	  180.86    450.21  
2524	  182.61    451.76  
2525	  184.72    451.96  
2526	  183.72    453.05  
2527	  183.98    454.01  
2528	  184.40    452.34  
2529	  182.93    453.48  
2530	  184.75    452.03  
2531	  184.51    451.83  
2532	  183.80    450.23  
2533	  184.18    451.13  
2534	  185.16    452.34  
2535	  185.19    451.07  
2536	  183.52    451.28  
2537	  182.83    451.89  
2538	  183.30    452.21  
2539	  183.75    452.15  
2540	  183.03    453.59  
2541	  186.99    452.89  
2542	  185.31    452.30  
2543	  185.65    451.63  
2544	  184.48    451.92  
2545	  184.60    451.91  
2546	  185.64    450.19  
2547	  184.35    452.11  
2548	  186.76    451.62  
2549	  185.68    452.23  
2550	  185.67    453.05  
2551	  185.30    454.01  
2552	  185.24    453.68  
2553	  187.82    453.65  
2554	  188.46    453.70  
2555	  186.70    452.58  
2556	  186.79    452.29  
2557	  187.10    452.98  
2558	  185.74    454.19  
2559	  185.88    453.27  
2560	  188.34    454.01  
2561	  185.56    453.32  
2562	  184.17    451.75  
2563	  182.13    452.94  
2564	  181.60    452.70  
2565	  180.93    453.15  
2566	  179.76    453.02  
2567	  179.48    452.33  
2568	  181.40    450.47  
2569	  181.73    451.82  
2570	  181.66    451.44  
2571	  181.11    451.16  
2572	  181.46    452.52  
2573	  181.34    452.92  
2574	  183.40    452.11  
2575	  182.61    451.80  
2576	  182.13    452.71  
2577	  183.58    454.04  
2578	  184.34    453.80  
2579	  183.99    453.20  
2580	  183.86    453.01  
2581	  183.73    453.13  
2582	  184.45    453.80  
2583	  185.32    454.51  
2584	  184.19    453.99  
2585	  184.16    452.66  
2586	  183.74    454.11  
2587	  184.00    453.98  
2588	  184.64    453.10  
2589	  184.35    455.99  
2590	  184.51    455.09  
2591	  186.33    452.95  
2592	  186.90    451.60  
2593	  185.42    452.63  
2594	  185.18    451.96  
2595	  186.04    453.39  
2596	  186.74    453.20  
2597	  186.91    452.76  
2598	  186.95    454.52  
2599	  185.98    453.12  
2600	  182.30    452.35  
2601	  184.11    452.17  
2602	  184.64    452.04  
2603	  186.01    451.76  
2604	  188.50    451.34  
2605	  188.96    450.14  
2606	  187.56    448.71  
2607	  185.56    451.10  
2608	  184.69    451.78  
2609	  186.90    451.75  
2610	  185.39    451.21  
2611	  184.02    452.04  
2612	  184.41    451.79  
2613	  183.87    453.04  
2614	  183.31    450.96  
2615	  184.96    452.13  
2616	  187.24    452.49  
2617	  185.16    452.32  
2618	  185.56    453.52  
2619	  184.64    454.13  
2620	  186.17    453.05  
2621	  184.73    451.94  
2622	  182.61    452.82  
2623	  183.14    452.04  
2624	  182.92    452.27  
2625	  185.21    451.77  
2626	  185.37    451.16  
2627	  186.76    452.20  
2628	  186.21    450.25  
2629	  186.72    450.49  
2630	  185.37    452.03  
2631	  186.28    451.58  
2632	  184.58    451.83  
2633	  184.53    450.55  
2634	  185.38    451.18  
2635	  184.27    450.56  
2636	  186.22    451.35  
2637	  187.55    452.29  
2638	  188.04    450.97  
2639	  186.95    453.25  
2640	  187.11    453.45  
2641	  187.98    451.62  
2642	  188.75    452.34  
2643	  186.08    452.30  
2644	  185.83    451.90  
2645	  186.29    452.26  
2646	  186.86    450.59  
2647	  185.24    449.68  
2648	  184.14    451.01  
2649	  181.85    450.72  
2650	  181.84    453.79  
2651	  182.00    453.42  
2652	  182.16    453.76  
2653	  183.81    453.14  
2654	  184.25    452.32  
2655	  186.99    453.06  
2656	  186.65    453.88  
2657	  185.91    452.48  
2658	  185.07    451.51  
2659	  185.09    449.90  
2660	  184.41    450.45  
2661	  183.95    450.63  
2662	  183.82    451.39  
2663	  183.63    451.10  
2664	  183.39    451.08  
2665	  182.40    452.51  
2666	  184.88    452.92  
2667	  184.27    452.28  
2668	  183.91    452.27  
2669	  184.78    452.07  
2670	  184.46    452.37  
2671	  184.99    451.55  
2672	  183.96    452.34  
2673	  186.24    453.01  
2674	  186.75    452.80  
2675	  186.11    452.75  
2676	  185.53    451.63  
2677	  185.98    450.61  
2678	  187.61    450.28  
2679	  187.01    451.44  
2680	  187.73    451.01  
2681	  186.36    453.85  
2682	  185.42    452.61  
2683	  186.29    452.37  
2684	  187.50    451.79  
2685	  186.61    452.13  
2686	  185.97    451.31  
2687	  186.10    452.45  
2688	  186.68    451.69  
2689	  185.02    451.47  
2690	  186.00    452.50  
2691	  187.70    453.67  
2692	  187.05    452.49  
2693	  185.67    452.03  
2694	  184.89    452.04  
2695	  184.53    451.43  
2696	  186.26    449.73  
2697	  184.80    451.79  
2698	  185.43    452.21  
2699	  184.90    452.32  
2700	  183.82    452.68  
2701	  182.86    453.20  
2702	  183.23    452.66  
2703	  184.68    451.88  
2704	  187.03    452.63  
2705	  187.97    450.87  
2706	  185.95    449.24  
2707	  186.84    450.58  
2708	  186.83    451.99  
2709	  185.65    450.32  
2710	  185.63    451.35  
2711	  186.21    450.07  
2712	  186.81    452.37  
2713	  187.14    450.54  
2714	  187.96    452.66  
2715	  185.11    451.38  
2716	  184.29    451.66  
2717	  184.52    451.28  
2718	  186.98    451.06  
2719	  188.18    453.46  
2720	  187.02    452.21  
2721	  186.23    452.92  
2722	  186.32    452.58  
2723	  186.29    450.89  
2724	  186.91    451.60  
2725	  185.11    452.33  
2726	  185.04    450.80  
2727	  185.17    451.84  
2728	  184.55    451.80  
2729	  182.99    451.29  
2730	  181.59    452.98  
2731	  182.96    452.91  
2732	  181.98    453.29  
2733	  182.72    454.05  
2734	  182.65    453.63  
2735	  182.17    452.24  
2736	  181.88    453.04  
2737	  183.37    451.87  
2738	  183.99    452.65  
2739	  184.33    452.04  
2740	  184.09    451.51  
2741	  183.70    451.07  
2742	  183.78    451.60  
2743	  185.86    451.21  
2744	  184.45    450.77  
2745	  184.87    451.73  
2746	  182.49    451.82  
2747	  182.62    451.27  
2748	  182.90    451.19  
2749	  183.47    450.91  
2750	  185.07    451.93  
2751	  184.25    452.04  
2752	  187.36    452.81  
2753	  187.11    453.29  
2754	  186.77    452.00  
2755	  186.29    451.66  
2756	  185.17    450.96  
2757	  184.93    452.16  
2758	  184.95    453.05  
2759	  183.70    454.07  
2760	  184.19    452.48  
2761	  185.18    452.05  
2762	  181.10    451.92  
2763	  182.96    452.96  
2764	  183.00    452.58  
2765	  182.78    452.85  
2766	  182.32    451.89  
2767	  183.00    452.24  
2768	  181.35    454.21  
2769	  185.90    454.05  
2770	  186.44    453.90  
2771	  186.31    453.87  
2772	  186.93    453.12  
2773	  184.38    453.44  
2774	  180.29    449.60  
2775	  183.61    450.34  
2776	  182.42    452.39  
2777	  181.32    454.03  
2778	  183.50    452.53  
2779	  183.57    452.94  
2780	  183.21    452.38  
2781	  184.47    454.22  
2782	  183.97    452.85  
2783	  185.67    453.94  
2784	  187.62    454.05  
2785	  187.59    453.90  
2786	  187.22    454.05  
2787	  187.92    453.15  
2788	  186.34    452.90  
2789	  186.49    453.15  
2790	  185.43    451.73  
2791	  183.90    452.98  
2792	  184.46    451.65  
2793	  187.72    453.45  
2794	  186.14    451.11  
2795	  185.54    452.62  
2796	  184.50    453.89  
2797	  186.54    454.15  
2798	  184.11    453.01  
2799	  183.47    452.14  
2800	  183.90    451.78  
2801	  184.18    451.18  
2802	  184.41    449.69  
2803	  185.30    449.98  
2804	  185.41    449.48  
2805	  184.17    450.46  
2806	  184.88    450.53  
2807	  184.59    450.81  
2808	  184.40    451.99  
2809	  186.88    452.19  
2810	  184.94    450.28  
2811	  184.62    450.00  
2812	  185.54    450.59  
2813	  184.22    451.08  
2814	  184.76    450.99  
2815	  185.70    452.90  
2816	  186.36    452.32  
2817	  187.57    449.90  
2818	  186.26    449.71  
2819	  188.52    450.32  
2820	  186.68    451.08  
2821	  183.80    450.84  
2822	  184.04    451.76  
2823	  185.28    452.76  
2824	  185.35    452.11  
2825	  187.43    452.11  
2826	  186.25    452.84  
2827	  183.29    450.79  
2828	  185.11    451.69  
2829	  186.18    450.65  
2830	  187.81    453.33  
2831	  185.92    454.42  
2832	  185.87    454.28  
2833	  184.54    453.64  
2834	  183.86    452.96  
2835	  184.47    452.70  
2836	  184.28    452.04  
2837	  185.06    452.53  
2838	  186.09    454.22  
2839	  183.46    453.43  
2840	  182.67    453.45  
2841	  182.89    451.43  
2842	  182.45    452.12  
2843	  181.81    451.80  
2844	  181.81    452.39  
2845	  183.56    452.07  
2846	  185.51    451.98  
2847	  183.73    453.04  
2848	  182.81    453.68  
2849	  185.83    453.05  
2850	  184.51    451.31  
2851	  184.63    451.87  
2852	  184.81    453.15  
2853	  185.76    453.44  
2854	  185.35    452.83  
2855	  186.96    451.62  
2856	  188.94    450.29  
2857	  186.56    450.18  
2858	  185.96    450.70  
2859	  186.53    454.45  
2860	  185.43    453.27  
2861	  186.28    451.91  
2862	  185.86    451.45  
2863	  183.51    450.95  
2864	  182.15    452.47  
2865	  182.56    453.25  
2866	  183.86    452.09  
2867	  181.03    453.74  
2868	  178.74    454.27  
2869	  182.40    453.47  
2870	  181.28    454.05  
2871	  181.12    454.00  
2872	  179.19    453.56  
2873	  182.55    452.79  
2874	  183.93    452.26  
2875	  182.52    451.62  
2876	  182.67    452.71  
2877	  183.80    453.04  
2878	  185.39    454.13  
2879	  185.37    453.05  
2880	  186.77    453.54  
2881	  185.77    450.25  
2882	  183.12    451.81  
2883	  185.13    453.62  
2884	  182.94    451.97  
2885	  184.01    451.51  
2886	  184.84    450.51  
2887	  186.05    451.22  
2888	  185.81    450.98  
2889	  185.35    450.70  
2890	  186.08    450.12  
2891	  186.62    449.99  
2892	  185.11    451.37  
2893	  181.89    452.16  
2894	  184.66    452.38  
2895	  181.95    452.04  
2896	  184.06    452.49  
2897	  181.91    452.06  
2898	  183.50    452.68  
2899	  183.47    451.87  
2900	  182.95    452.25  
2901	  184.17    452.48  
2902	  183.44    451.86  
2903	  183.80    452.37  
2904	  184.53    454.31  
2905	  184.71    453.66  
2906	  186.03    451.77  
2907	  186.36    452.20  
2908	  181.91    451.90  
2909	  182.14    452.77  
2910	  184.49    452.19  
2911	  183.76    453.61  
2912	  182.94    453.51  
2913	  183.14    451.60  
2914	  182.70    453.75  
2915	  182.86    453.30  
2916	  182.74    453.83  
2917	  182.52    454.06  
2918	  182.53    454.24  
2919	  182.52    453.49  
2920	  183.61    452.81  
2921	  184.51    453.29  
2922	  185.68    453.23  
2923	  185.99    452.21  
2924	  185.03    452.42  
2925	  184.72    452.22  
2926	  184.94    451.33  
2927	  185.04    451.83  
2928	  186.62    452.70  
2929	  185.21    453.23  
2930	  182.73    453.23  
2931	  184.77    453.45  
2932	  186.58    452.50  
2933	  185.17    451.82  
2934	  185.24    451.34  
2935	  183.27    451.11  
2936	  183.10    450.88  
2937	  183.78    450.43  
2938	  184.97    452.83  
2939	  185.88    452.27  
2940	  187.86    453.42  
2941	  185.10    453.13  
2942	  184.36    454.51  
2943	  183.91    453.73  
2944	  184.80    453.79  
2945	  186.96    454.45  
2946	  187.70    453.27  
2947	  187.94    452.63  
2948	  186.94    451.05  
2949	  187.25    451.83  
2950	  185.58    452.48  
2951	  184.29    452.36  
2952	  184.99    452.26  
2953	  182.67    452.26  
2954	  184.14    452.08  
2955	  185.33    452.64  
2956	  183.59    452.53  
2957	  181.80    452.24  
2958	  181.54    450.37  
2959	  179.04    451.52  
2960	  181.48    450.19  
2961	  184.59    452.16  
2962	  184.07    451.39  
2963	  187.25    452.29  
2964	  187.63    452.26  
2965	  186.27    451.83  
2966	  185.65    451.91  
2967	  185.84    451.40  
2968	  186.29    452.68  
2969	  186.29    452.70  
2970	  187.98    451.52  
2971	  185.60    450.06  
2972	  184.27    451.21  
2973	  185.72    453.16  
2974	  186.38    453.12  
2975	  186.97    453.18  
2976	  187.52    450.95  
2977	  185.95    450.39  
2978	  185.11    450.98  
2979	  185.36    451.23  
2980	  184.62    453.41  
2981	  183.72    453.66  
2982	  183.52    452.65  
2983	  183.88    451.99  
2984	  183.62    452.95  
2985	  181.91    454.00  
2986	  185.34    453.71  
2987	  186.52    453.43  
2988	  186.30    451.80  
2989	  184.41    452.27  
2990	  183.24    452.71  
2991	  182.49    452.99  
2992	  182.64    453.24  
2993	  180.87    452.71  
2994	  182.00    453.16  
2995	  182.06    454.31  
2996	  183.16    453.84  
2997	  181.72    451.91  
